# x y radius 
#  E:3.85e+06 E_potential:3.84e+06 E_contact:5.27e+03 fx:2.28e+04 fy:1.96e+04 gravity:8.42e+05
1.60363e+00 6.03635e-01 6.03635e-01
2.38368e+00 2.58253e-01 2.58253e-01
3.12970e+00 5.52143e-01 5.52143e-01
4.12610e+00 4.61769e-01 4.61769e-01
5.51711e+00 2.78850e-01 2.78850e-01
6.35613e+00 6.46116e-01 6.46116e-01
7.53275e+00 5.47003e-01 5.47003e-01
8.71336e+00 6.50227e-01 6.50227e-01
9.83030e+00 4.92203e-01 4.92203e-01
1.06475e+01 3.52548e-01 3.52548e-01
1.37069e+00 1.52307e+00 3.70692e-01
2.40283e+00 1.04118e+00 3.36067e-01
3.01157e+00 1.52554e+00 4.51417e-01
3.74974e+00 1.07449e+00 2.61533e-01
5.02543e+00 9.88858e-01 6.14021e-01
5.92730e+00 1.72602e+00 5.58484e-01
7.09291e+00 1.39770e+00 4.17618e-01
7.96135e+00 1.44273e+00 4.54344e-01
9.52901e+00 1.35231e+00 4.31268e-01
1.04339e+01 8.97503e-01 2.36554e-01
1.50444e+00 2.33025e+00 4.61597e-01
2.38766e+00 2.29839e+00 4.22356e-01
3.57372e+00 2.38329e+00 5.96407e-01
4.84485e+00 2.30561e+00 6.83199e-01
6.40057e+00 2.76677e+00 6.04092e-01
7.35011e+00 2.28882e+00 4.60262e-01
8.07858e+00 2.29848e+00 2.68553e-01
8.68044e+00 2.29840e+00 3.33414e-01
9.50000e+00 2.29840e+00 2.33345e-01
1.05000e+01 2.29840e+00 3.49511e-01
1.24165e+00 7.04614e+00 2.41655e-01
2.00000e+00 7.04614e+00 4.48279e-01
3.00000e+00 7.04614e+00 2.26186e-01
4.00000e+00 7.04614e+00 2.32063e-01
5.00000e+00 7.04614e+00 2.59227e-01
5.93788e+00 7.04614e+00 4.98855e-01
7.04992e+00 7.04614e+00 6.13071e-01
8.07970e+00 7.04614e+00 4.16633e-01
9.08115e+00 7.04614e+00 5.84815e-01
1.00530e+01 7.04614e+00 3.86987e-01
1.50000e+00 1.17995e+01 3.53579e-01
2.50000e+00 1.17995e+01 3.81789e-01
3.50000e+00 1.17995e+01 2.64242e-01
4.21343e+00 1.17995e+01 2.21345e-01
4.90543e+00 1.17995e+01 4.70639e-01
5.69033e+00 1.17995e+01 3.14250e-01
6.66729e+00 1.17995e+01 6.62702e-01
7.92766e+00 1.17995e+01 5.97676e-01
9.09309e+00 1.17995e+01 5.67754e-01
1.03304e+01 1.17995e+01 6.69577e-01
