# x y radius 
#  E:3.45e+06 E_potential:3.41e+06 E_contact:3.40e+04 fx:6.82e+04 fy:3.47e+04 gravity:8.42e+05
1.60363e+00 6.03635e-01 6.03635e-01
2.34358e+00 2.58253e-01 2.58253e-01
3.05089e+00 5.52143e-01 5.52143e-01
4.01327e+00 4.61769e-01 4.61769e-01
5.69917e+00 2.78850e-01 2.78850e-01
6.49393e+00 6.46116e-01 6.46116e-01
7.64217e+00 5.47003e-01 5.47003e-01
8.79169e+00 6.50227e-01 6.50227e-01
9.86811e+00 4.92203e-01 4.92203e-01
1.06475e+01 3.52548e-01 3.52548e-01
1.37069e+00 1.52670e+00 3.70692e-01
2.37737e+00 1.08085e+00 3.36067e-01
3.02347e+00 1.52214e+00 4.51417e-01
3.64552e+00 1.07971e+00 2.61533e-01
4.97962e+00 6.14021e-01 6.14021e-01
5.68289e+00 1.52564e+00 5.58484e-01
7.21937e+00 1.39533e+00 4.17618e-01
8.08075e+00 1.44101e+00 4.54344e-01
9.59921e+00 1.36008e+00 4.31268e-01
1.04611e+01 8.99269e-01 2.36554e-01
1.46160e+00 2.34323e+00 4.61597e-01
2.13227e+00 1.77494e+00 4.22356e-01
3.34358e+00 2.49489e+00 5.96407e-01
4.33866e+00 1.69800e+00 6.83199e-01
6.60690e+00 2.18926e+00 6.04092e-01
7.66593e+00 2.23507e+00 4.60262e-01
8.46403e+00 2.04905e+00 2.68553e-01
8.88346e+00 1.61947e+00 3.33414e-01
1.01466e+01 1.72959e+00 2.33345e-01
1.06505e+01 1.44069e+00 3.49511e-01
1.24165e+00 5.94622e+00 2.41655e-01
2.00000e+00 5.94622e+00 4.48279e-01
3.00000e+00 5.94622e+00 2.26186e-01
4.00000e+00 5.94622e+00 2.32063e-01
5.00000e+00 5.94622e+00 2.59227e-01
5.93788e+00 5.94622e+00 4.98855e-01
7.04992e+00 5.94622e+00 6.13071e-01
8.07970e+00 5.94622e+00 4.16633e-01
9.08115e+00 5.94622e+00 5.84815e-01
1.00530e+01 5.94622e+00 3.86987e-01
1.50000e+00 1.06991e+01 3.53579e-01
2.50000e+00 1.06991e+01 3.81789e-01
3.50000e+00 1.06991e+01 2.64242e-01
4.21343e+00 1.06991e+01 2.21345e-01
4.90543e+00 1.06991e+01 4.70639e-01
5.69033e+00 1.06991e+01 3.14250e-01
6.66729e+00 1.06991e+01 6.62702e-01
7.92766e+00 1.06991e+01 5.97676e-01
9.09309e+00 1.06991e+01 5.67754e-01
1.03304e+01 1.06991e+01 6.69577e-01
