# x y radius 
#  E:4.08e+06 E_potential:4.07e+06 E_contact:4.20e+03 fx:1.84e+04 fy:1.47e+04 gravity:8.42e+05
1.60363e+00 6.03635e-01 6.03635e-01
2.37916e+00 2.58253e-01 2.58253e-01
3.12073e+00 5.52143e-01 5.52143e-01
4.11555e+00 4.61769e-01 4.61769e-01
5.51535e+00 2.78850e-01 2.78850e-01
6.35429e+00 6.46116e-01 6.46116e-01
7.53132e+00 5.47003e-01 5.47003e-01
8.71235e+00 6.50227e-01 6.50227e-01
9.82978e+00 4.92203e-01 4.92203e-01
1.06475e+01 3.52548e-01 3.52548e-01
1.37069e+00 1.53803e+00 3.70692e-01
2.40904e+00 1.06862e+00 3.36067e-01
3.04110e+00 1.53704e+00 4.51417e-01
3.74028e+00 1.07513e+00 2.61533e-01
5.01423e+00 9.82624e-01 6.14021e-01
5.91009e+00 1.72347e+00 5.58484e-01
7.09142e+00 1.39753e+00 4.17618e-01
7.95994e+00 1.44256e+00 4.54344e-01
9.52812e+00 1.35217e+00 4.31268e-01
1.04335e+01 8.97341e-01 2.36554e-01
1.46160e+00 2.79837e+00 4.61597e-01
2.34559e+00 2.79837e+00 4.22356e-01
3.36438e+00 2.79837e+00 5.96407e-01
4.64443e+00 2.79837e+00 6.83199e-01
5.93800e+00 2.86119e+00 6.04092e-01
7.00044e+00 2.79835e+00 4.60262e-01
7.74702e+00 2.79837e+00 2.68553e-01
8.50000e+00 2.79837e+00 3.33414e-01
9.50000e+00 2.79837e+00 2.33345e-01
1.05000e+01 2.79837e+00 3.49511e-01
1.24165e+00 7.54610e+00 2.41655e-01
2.00000e+00 7.54610e+00 4.48279e-01
3.00000e+00 7.54610e+00 2.26186e-01
4.00000e+00 7.54610e+00 2.32063e-01
5.00000e+00 7.54610e+00 2.59227e-01
5.93788e+00 7.54610e+00 4.98855e-01
7.04992e+00 7.54610e+00 6.13071e-01
8.07970e+00 7.54610e+00 4.16633e-01
9.08115e+00 7.54610e+00 5.84815e-01
1.00530e+01 7.54610e+00 3.86987e-01
1.50000e+00 1.22997e+01 3.53579e-01
2.50000e+00 1.22997e+01 3.81789e-01
3.50000e+00 1.22997e+01 2.64242e-01
4.21343e+00 1.22997e+01 2.21345e-01
4.90543e+00 1.22997e+01 4.70639e-01
5.69033e+00 1.22997e+01 3.14250e-01
6.66729e+00 1.22997e+01 6.62702e-01
7.92766e+00 1.22997e+01 5.97676e-01
9.09309e+00 1.22997e+01 5.67754e-01
1.03304e+01 1.22997e+01 6.69577e-01
