# x y radius 
#  E:1.78e+06 E_potential:1.73e+06 E_contact:4.59e+04 fx:9.04e+04 fy:1.77e+05 gravity:8.42e+05
1.60363e+00 6.03635e-01 6.03635e-01
2.34146e+00 2.58253e-01 2.58253e-01
3.04666e+00 5.52143e-01 5.52143e-01
4.00194e+00 4.61769e-01 4.61769e-01
5.68365e+00 2.78850e-01 2.78850e-01
6.48342e+00 6.46116e-01 6.46116e-01
7.63426e+00 5.47003e-01 5.47003e-01
8.78658e+00 6.50227e-01 6.50227e-01
9.86385e+00 4.92203e-01 4.92203e-01
1.06475e+01 3.52548e-01 3.52548e-01
1.37069e+00 1.51547e+00 3.70692e-01
2.37934e+00 1.06605e+00 3.36067e-01
3.01284e+00 1.52603e+00 4.51417e-01
3.63788e+00 1.08227e+00 2.61533e-01
4.95384e+00 6.14021e-01 6.14021e-01
5.65146e+00 1.49886e+00 5.58484e-01
7.21745e+00 1.38604e+00 4.17618e-01
8.07831e+00 1.42499e+00 4.54344e-01
9.88971e+00 1.36700e+00 4.31268e-01
1.04570e+01 8.97092e-01 2.36554e-01
1.46160e+00 2.32408e+00 4.61597e-01
2.12078e+00 1.74213e+00 4.22356e-01
3.35638e+00 2.49553e+00 5.96407e-01
4.33795e+00 1.69135e+00 6.83199e-01
6.55486e+00 2.12497e+00 6.04092e-01
7.61090e+00 2.16653e+00 4.60262e-01
8.65661e+00 1.83435e+00 2.68553e-01
9.16402e+00 1.52820e+00 3.33414e-01
1.02820e+01 1.88335e+00 2.33345e-01
1.06505e+01 1.43571e+00 3.49511e-01
1.24165e+00 2.98686e+00 2.41655e-01
2.32616e+00 2.57268e+00 4.48279e-01
2.77530e+00 3.07388e+00 2.26186e-01
4.17616e+00 2.58825e+00 2.32063e-01
4.66569e+00 2.56912e+00 2.59227e-01
5.41904e+00 2.50895e+00 4.98855e-01
7.18189e+00 3.12928e+00 6.13071e-01
8.42969e+00 2.46710e+00 4.16633e-01
9.59520e+00 2.32375e+00 5.84815e-01
1.06130e+01 2.39099e+00 3.86987e-01
1.50000e+00 3.99826e+00 3.53579e-01
2.50000e+00 3.99826e+00 3.81789e-01
3.32935e+00 3.99826e+00 2.64242e-01
3.81517e+00 3.99826e+00 2.21345e-01
4.50683e+00 3.99826e+00 4.70639e-01
5.29123e+00 3.99782e+00 3.14250e-01
6.26732e+00 4.01490e+00 6.62702e-01
7.94047e+00 4.04929e+00 5.97676e-01
9.09891e+00 3.99739e+00 5.67754e-01
1.03304e+01 3.99826e+00 6.69577e-01
