# x y radius 
#  E:2.39e+06 E_potential:2.35e+06 E_contact:3.89e+04 fx:7.55e+04 fy:7.02e+04 gravity:8.42e+05
1.60363e+00 6.03635e-01 6.03635e-01
2.34361e+00 2.58253e-01 2.58253e-01
3.05099e+00 5.52143e-01 5.52143e-01
4.01124e+00 4.61769e-01 4.61769e-01
5.70018e+00 2.78850e-01 2.78850e-01
6.49850e+00 6.46116e-01 6.46116e-01
7.64814e+00 5.47003e-01 5.47003e-01
8.80104e+00 6.50227e-01 6.50227e-01
9.87285e+00 4.92203e-01 4.92203e-01
1.06475e+01 3.52548e-01 3.52548e-01
1.37069e+00 1.52114e+00 3.70692e-01
2.37846e+00 1.07490e+00 3.36067e-01
3.01926e+00 1.52398e+00 4.51417e-01
3.64555e+00 1.08103e+00 2.61533e-01
4.97336e+00 6.14021e-01 6.14021e-01
5.67413e+00 1.51252e+00 5.58484e-01
7.23123e+00 1.39369e+00 4.17618e-01
8.09572e+00 1.42253e+00 4.54344e-01
9.67420e+00 1.37271e+00 4.31268e-01
1.04650e+01 9.00240e-01 2.36554e-01
1.46160e+00 2.33237e+00 4.61597e-01
2.13026e+00 1.76385e+00 4.22356e-01
3.35605e+00 2.49307e+00 5.96407e-01
4.34502e+00 1.69351e+00 6.83199e-01
6.58583e+00 2.16088e+00 6.04092e-01
7.64224e+00 2.16716e+00 4.60262e-01
8.50846e+00 2.00581e+00 2.68553e-01
8.95608e+00 1.60967e+00 3.33414e-01
1.01855e+01 1.79061e+00 2.33345e-01
1.06505e+01 1.44258e+00 3.49511e-01
1.24165e+00 2.99468e+00 2.41655e-01
2.32253e+00 2.60957e+00 4.48279e-01
2.79375e+00 3.09086e+00 2.26186e-01
4.17809e+00 2.58914e+00 2.32063e-01
4.76709e+00 2.54646e+00 2.59227e-01
5.52500e+00 2.55097e+00 4.98855e-01
7.27028e+00 3.15132e+00 6.13071e-01
8.35962e+00 2.66734e+00 4.16633e-01
9.35368e+00 2.54644e+00 5.84815e-01
1.03254e+01 2.54646e+00 3.86987e-01
1.50000e+00 7.29802e+00 3.53579e-01
2.50000e+00 7.29802e+00 3.81789e-01
3.50000e+00 7.29802e+00 2.64242e-01
4.21343e+00 7.29802e+00 2.21345e-01
4.90543e+00 7.29802e+00 4.70639e-01
5.69033e+00 7.29802e+00 3.14250e-01
6.66728e+00 7.29802e+00 6.62702e-01
7.92766e+00 7.29802e+00 5.97676e-01
9.09309e+00 7.29802e+00 5.67754e-01
1.03304e+01 7.29802e+00 6.69577e-01
