# x y radius 
#  E:3.51e+06 E_potential:3.48e+06 E_contact:3.34e+04 fx:6.64e+04 fy:3.20e+04 gravity:8.42e+05
1.60363e+00 6.03635e-01 6.03635e-01
2.34763e+00 2.58253e-01 2.58253e-01
3.05906e+00 5.52143e-01 5.52143e-01
4.01832e+00 4.61769e-01 4.61769e-01
5.69743e+00 2.78850e-01 2.78850e-01
6.49174e+00 6.46116e-01 6.46116e-01
7.63942e+00 5.47003e-01 5.47003e-01
8.78928e+00 6.50227e-01 6.50227e-01
9.86680e+00 4.92203e-01 4.92203e-01
1.06475e+01 3.52548e-01 3.52548e-01
1.37069e+00 1.52562e+00 3.70692e-01
2.37878e+00 1.07252e+00 3.36067e-01
3.01717e+00 1.52198e+00 4.51417e-01
3.66669e+00 1.08898e+00 2.61533e-01
4.97877e+00 6.14021e-01 6.14021e-01
5.68340e+00 1.52667e+00 5.58484e-01
7.21399e+00 1.39809e+00 4.17618e-01
8.07592e+00 1.44124e+00 4.54344e-01
9.59678e+00 1.35977e+00 4.31268e-01
1.04599e+01 8.98623e-01 2.36554e-01
1.46160e+00 2.34135e+00 4.61597e-01
2.12605e+00 1.76505e+00 4.22356e-01
3.39201e+00 2.47227e+00 5.96407e-01
4.45095e+00 1.76693e+00 6.83199e-01
6.60471e+00 2.19934e+00 6.04092e-01
7.66428e+00 2.23811e+00 4.60262e-01
8.46071e+00 2.04807e+00 2.68553e-01
8.88114e+00 1.61951e+00 3.33414e-01
1.01458e+01 1.72648e+00 2.33345e-01
1.06505e+01 1.43921e+00 3.49511e-01
1.24165e+00 6.14620e+00 2.41655e-01
2.00000e+00 6.14620e+00 4.48279e-01
3.00000e+00 6.14620e+00 2.26186e-01
4.00000e+00 6.14620e+00 2.32063e-01
5.00000e+00 6.14620e+00 2.59227e-01
5.93788e+00 6.14620e+00 4.98855e-01
7.04992e+00 6.14620e+00 6.13071e-01
8.07970e+00 6.14620e+00 4.16633e-01
9.08115e+00 6.14620e+00 5.84815e-01
1.00530e+01 6.14620e+00 3.86987e-01
1.50000e+00 1.08991e+01 3.53579e-01
2.50000e+00 1.08991e+01 3.81789e-01
3.50000e+00 1.08991e+01 2.64242e-01
4.21343e+00 1.08991e+01 2.21345e-01
4.90543e+00 1.08991e+01 4.70639e-01
5.69033e+00 1.08991e+01 3.14250e-01
6.66729e+00 1.08991e+01 6.62702e-01
7.92766e+00 1.08991e+01 5.97676e-01
9.09309e+00 1.08991e+01 5.67754e-01
1.03304e+01 1.08991e+01 6.69577e-01
