# x y radius 
#  E:1.86e+06 E_potential:1.82e+06 E_contact:4.31e+04 fx:8.50e+04 fy:1.47e+05 gravity:8.42e+05
1.60363e+00 6.03635e-01 6.03635e-01
2.34495e+00 2.58253e-01 2.58253e-01
3.05356e+00 5.52143e-01 5.52143e-01
4.01216e+00 4.61769e-01 4.61769e-01
5.69533e+00 2.78850e-01 2.78850e-01
6.49240e+00 6.46116e-01 6.46116e-01
7.63830e+00 5.47003e-01 5.47003e-01
8.78962e+00 6.50227e-01 6.50227e-01
9.86537e+00 4.92203e-01 4.92203e-01
1.06475e+01 3.52548e-01 3.52548e-01
1.37069e+00 1.51414e+00 3.70692e-01
2.38133e+00 1.06096e+00 3.36067e-01
3.01115e+00 1.52527e+00 4.51417e-01
3.64492e+00 1.08038e+00 2.61533e-01
4.97088e+00 6.14021e-01 6.14021e-01
5.67708e+00 1.50431e+00 5.58484e-01
7.21568e+00 1.39700e+00 4.17618e-01
8.07841e+00 1.42108e+00 4.54344e-01
9.88939e+00 1.36740e+00 4.31268e-01
1.04583e+01 8.97403e-01 2.36554e-01
1.46160e+00 2.32181e+00 4.61597e-01
2.12007e+00 1.73746e+00 4.22356e-01
3.36110e+00 2.49101e+00 5.96407e-01
4.34501e+00 1.68798e+00 6.83199e-01
6.57454e+00 2.17086e+00 6.04092e-01
7.63002e+00 2.16886e+00 4.60262e-01
8.65449e+00 1.83285e+00 2.68553e-01
9.16365e+00 1.52968e+00 3.33414e-01
1.02818e+01 1.88362e+00 2.33345e-01
1.06505e+01 1.43623e+00 3.49511e-01
1.24165e+00 2.98460e+00 2.41655e-01
2.32930e+00 2.56640e+00 4.48279e-01
2.77835e+00 3.06764e+00 2.26186e-01
4.18042e+00 2.58445e+00 2.32063e-01
4.66963e+00 2.56690e+00 2.59227e-01
5.42305e+00 2.50904e+00 4.98855e-01
7.26693e+00 3.15652e+00 6.13071e-01
8.44808e+00 2.47253e+00 4.16633e-01
9.59569e+00 2.32460e+00 5.84815e-01
1.06130e+01 2.39116e+00 3.86987e-01
1.50000e+00 4.49822e+00 3.53579e-01
2.50000e+00 4.49822e+00 3.81789e-01
3.50000e+00 4.49822e+00 2.64242e-01
4.21343e+00 4.49822e+00 2.21345e-01
4.90543e+00 4.49822e+00 4.70639e-01
5.69033e+00 4.49822e+00 3.14250e-01
6.66728e+00 4.49822e+00 6.62702e-01
7.92766e+00 4.49822e+00 5.97676e-01
9.09309e+00 4.49822e+00 5.67754e-01
1.03304e+01 4.49822e+00 6.69577e-01
