# x y radius 
#  E:1.96e+06 E_potential:1.91e+06 E_contact:4.31e+04 fx:8.50e+04 fy:1.32e+05 gravity:8.42e+05
1.60363e+00 6.03635e-01 6.03635e-01
2.34492e+00 2.58253e-01 2.58253e-01
3.05359e+00 5.52143e-01 5.52143e-01
4.01212e+00 4.61769e-01 4.61769e-01
5.69528e+00 2.78850e-01 2.78850e-01
6.49245e+00 6.46116e-01 6.46116e-01
7.63827e+00 5.47003e-01 5.47003e-01
8.78964e+00 6.50227e-01 6.50227e-01
9.86536e+00 4.92203e-01 4.92203e-01
1.06475e+01 3.52548e-01 3.52548e-01
1.37069e+00 1.51404e+00 3.70692e-01
2.38140e+00 1.06106e+00 3.36067e-01
3.01107e+00 1.52519e+00 4.51417e-01
3.64495e+00 1.08039e+00 2.61533e-01
4.97096e+00 6.14021e-01 6.14021e-01
5.67700e+00 1.50424e+00 5.58484e-01
7.21562e+00 1.39699e+00 4.17618e-01
8.07847e+00 1.42110e+00 4.54344e-01
9.88935e+00 1.36739e+00 4.31268e-01
1.04583e+01 8.97419e-01 2.36554e-01
1.46160e+00 2.32182e+00 4.61597e-01
2.12018e+00 1.73745e+00 4.22356e-01
3.36118e+00 2.49100e+00 5.96407e-01
4.34494e+00 1.68799e+00 6.83199e-01
6.57458e+00 2.17086e+00 6.04092e-01
7.62999e+00 2.16886e+00 4.60262e-01
8.65444e+00 1.83285e+00 2.68553e-01
9.16369e+00 1.52967e+00 3.33414e-01
1.02818e+01 1.88363e+00 2.33345e-01
1.06505e+01 1.43623e+00 3.49511e-01
1.24165e+00 2.98460e+00 2.41655e-01
2.32924e+00 2.56640e+00 4.48279e-01
2.77836e+00 3.06764e+00 2.26186e-01
4.18032e+00 2.58445e+00 2.32063e-01
4.66973e+00 2.56690e+00 2.59227e-01
5.42296e+00 2.50904e+00 4.98855e-01
7.26692e+00 3.15652e+00 6.13071e-01
8.44809e+00 2.47253e+00 4.16633e-01
9.59568e+00 2.32460e+00 5.84815e-01
1.06130e+01 2.39116e+00 3.86987e-01
1.50000e+00 4.99818e+00 3.53579e-01
2.50000e+00 4.99818e+00 3.81789e-01
3.50000e+00 4.99818e+00 2.64242e-01
4.21343e+00 4.99818e+00 2.21345e-01
4.90543e+00 4.99818e+00 4.70639e-01
5.69033e+00 4.99818e+00 3.14250e-01
6.66728e+00 4.99818e+00 6.62702e-01
7.92766e+00 4.99818e+00 5.97676e-01
9.09309e+00 4.99818e+00 5.67754e-01
1.03304e+01 4.99818e+00 6.69577e-01
