# x y radius 
#  E:2.32e+06 E_potential:2.28e+06 E_contact:4.29e+04 fx:8.45e+04 fy:9.24e+04 gravity:8.42e+05
1.60363e+00 6.03635e-01 6.03635e-01
2.34534e+00 2.58253e-01 2.58253e-01
3.05433e+00 5.52143e-01 5.52143e-01
4.01321e+00 4.61769e-01 4.61769e-01
5.69773e+00 2.78850e-01 2.78850e-01
6.49523e+00 6.46116e-01 6.46116e-01
7.64100e+00 5.47003e-01 5.47003e-01
8.79187e+00 6.50227e-01 6.50227e-01
9.86649e+00 4.92203e-01 4.92203e-01
1.06475e+01 3.52548e-01 3.52548e-01
1.37069e+00 1.51376e+00 3.70692e-01
2.38163e+00 1.06020e+00 3.36067e-01
3.01072e+00 1.52513e+00 4.51417e-01
3.64575e+00 1.08025e+00 2.61533e-01
4.97256e+00 6.14021e-01 6.14021e-01
5.67966e+00 1.50352e+00 5.58484e-01
7.21969e+00 1.39686e+00 4.17618e-01
8.08249e+00 1.42196e+00 4.54344e-01
9.88673e+00 1.36830e+00 4.31268e-01
1.04593e+01 8.97651e-01 2.36554e-01
1.46160e+00 2.32130e+00 4.61597e-01
2.11995e+00 1.73648e+00 4.22356e-01
3.36167e+00 2.49043e+00 5.96407e-01
4.34578e+00 1.68768e+00 6.83199e-01
6.57776e+00 2.16962e+00 6.04092e-01
7.63340e+00 2.16925e+00 4.60262e-01
8.65324e+00 1.84377e+00 2.68553e-01
9.15924e+00 1.53360e+00 3.33414e-01
1.02809e+01 1.88334e+00 2.33345e-01
1.06505e+01 1.43664e+00 3.49511e-01
1.24165e+00 2.98406e+00 2.41655e-01
2.32964e+00 2.56498e+00 4.48279e-01
2.77837e+00 3.06654e+00 2.26186e-01
4.18070e+00 2.58406e+00 2.32063e-01
4.66998e+00 2.56681e+00 2.59227e-01
5.42307e+00 2.50728e+00 4.98855e-01
7.26857e+00 3.15629e+00 6.13071e-01
8.44733e+00 2.48525e+00 4.16633e-01
9.59602e+00 2.32650e+00 5.84815e-01
1.06130e+01 2.39043e+00 3.86987e-01
1.50000e+00 6.99804e+00 3.53579e-01
2.50000e+00 6.99804e+00 3.81789e-01
3.50000e+00 6.99804e+00 2.64242e-01
4.21343e+00 6.99804e+00 2.21345e-01
4.90543e+00 6.99804e+00 4.70639e-01
5.69033e+00 6.99804e+00 3.14250e-01
6.66728e+00 6.99804e+00 6.62702e-01
7.92766e+00 6.99804e+00 5.97676e-01
9.09309e+00 6.99804e+00 5.67754e-01
1.03304e+01 6.99804e+00 6.69577e-01
