# x y radius 
#  E:1.66e+06 E_potential:1.60e+06 E_contact:6.43e+04 fx:1.17e+05 fy:3.02e+05 gravity:8.42e+05
1.60363e+00 6.03635e-01 6.03635e-01
2.34153e+00 2.58253e-01 2.58253e-01
3.04719e+00 5.52143e-01 5.52143e-01
4.00740e+00 4.61769e-01 4.61769e-01
5.70991e+00 2.78850e-01 2.78850e-01
6.51437e+00 6.46116e-01 6.46116e-01
7.65895e+00 5.47003e-01 5.47003e-01
8.80386e+00 6.50227e-01 6.50227e-01
9.87485e+00 4.92203e-01 4.92203e-01
1.06475e+01 3.52548e-01 3.52548e-01
1.37069e+00 1.50012e+00 3.70692e-01
2.37555e+00 1.04266e+00 3.36067e-01
2.99463e+00 1.51494e+00 4.51417e-01
3.61537e+00 1.06610e+00 2.61533e-01
4.97059e+00 6.14021e-01 6.14021e-01
5.70034e+00 1.47201e+00 5.58484e-01
7.24960e+00 1.38167e+00 4.17618e-01
8.10690e+00 1.41997e+00 4.54344e-01
9.63270e+00 1.30850e+00 4.31268e-01
1.04587e+01 8.82742e-01 2.36554e-01
1.46160e+00 2.29552e+00 4.61597e-01
2.11987e+00 1.71198e+00 4.22356e-01
3.33297e+00 2.46872e+00 5.96407e-01
4.30007e+00 1.65144e+00 6.83199e-01
6.59550e+00 2.11272e+00 6.04092e-01
7.65093e+00 2.15852e+00 4.60262e-01
8.46372e+00 2.03641e+00 2.68553e-01
8.86381e+00 1.59403e+00 3.33414e-01
1.01555e+01 1.70068e+00 2.33345e-01
1.06505e+01 1.39701e+00 3.49511e-01
1.24165e+00 2.94797e+00 2.41655e-01
2.31487e+00 2.53608e+00 4.48279e-01
2.75585e+00 3.04244e+00 2.26186e-01
4.14316e+00 2.54312e+00 2.32063e-01
4.57970e+00 2.75300e+00 2.59227e-01
5.21326e+00 2.35775e+00 4.98855e-01
7.23030e+00 3.11755e+00 6.13071e-01
8.33843e+00 2.69739e+00 4.16633e-01
9.46484e+00 2.24658e+00 5.84815e-01
1.06130e+01 2.10967e+00 3.86987e-01
1.51402e+00 3.46547e+00 3.53579e-01
2.23813e+00 3.35243e+00 3.81789e-01
2.92932e+00 3.49561e+00 2.64242e-01
3.36414e+00 3.28121e+00 2.21345e-01
4.05365e+00 3.23978e+00 4.70639e-01
4.99827e+00 3.13704e+00 3.14250e-01
5.97219e+00 3.19877e+00 6.62702e-01
8.12254e+00 3.89762e+00 5.97676e-01
9.11228e+00 3.30435e+00 5.67754e-01
1.03304e+01 3.11121e+00 6.69577e-01
