# x y radius 
#  E:5.51e+06 E_potential:5.51e+06 E_contact:1.25e+03 fx:7.65e+03 fy:7.35e+03 gravity:8.42e+05
1.85448e+00 6.03635e-01 6.03635e-01
2.64135e+00 2.58253e-01 2.58253e-01
3.39386e+00 5.52143e-01 5.52143e-01
4.39724e+00 4.61769e-01 4.61769e-01
5.33790e+00 2.78850e-01 2.78850e-01
6.29125e+00 6.46116e-01 6.46116e-01
7.47973e+00 5.47003e-01 5.47003e-01
8.68620e+00 6.50227e-01 6.50227e-01
9.81695e+00 4.92203e-01 4.92203e-01
1.06475e+01 3.52548e-01 3.52548e-01
1.37069e+00 1.43502e+00 3.70692e-01
2.06902e+00 1.51150e+00 3.36067e-01
2.83738e+00 1.36500e+00 4.51417e-01
4.01632e+00 1.07148e+00 2.61533e-01
5.16703e+00 1.18295e+00 6.14021e-01
6.15076e+00 1.82003e+00 5.58484e-01
7.03861e+00 1.39323e+00 4.17618e-01
7.91825e+00 1.43290e+00 4.54344e-01
9.50492e+00 1.34846e+00 4.31268e-01
1.03791e+01 9.55721e-01 2.36554e-01
1.46160e+00 5.69816e+00 4.61597e-01
2.34555e+00 5.69816e+00 4.22356e-01
3.36431e+00 5.69816e+00 5.96407e-01
4.64391e+00 5.69816e+00 6.83199e-01
5.93120e+00 5.69816e+00 6.04092e-01
6.99555e+00 5.69816e+00 4.60262e-01
7.72438e+00 5.69816e+00 2.68553e-01
8.50000e+00 5.69816e+00 3.33414e-01
9.50000e+00 5.69816e+00 2.33345e-01
1.05000e+01 5.69816e+00 3.49511e-01
1.24165e+00 1.04471e+01 2.41655e-01
2.00000e+00 1.04471e+01 4.48279e-01
3.00000e+00 1.04471e+01 2.26186e-01
4.00000e+00 1.04471e+01 2.32063e-01
5.00000e+00 1.04471e+01 2.59227e-01
5.93788e+00 1.04471e+01 4.98855e-01
7.04992e+00 1.04471e+01 6.13071e-01
8.07970e+00 1.04471e+01 4.16633e-01
9.08115e+00 1.04471e+01 5.84815e-01
1.00530e+01 1.04471e+01 3.86987e-01
1.50000e+00 1.52009e+01 3.53579e-01
2.50000e+00 1.52009e+01 3.81789e-01
3.50000e+00 1.52009e+01 2.64242e-01
4.21343e+00 1.52009e+01 2.21345e-01
4.90545e+00 1.52009e+01 4.70639e-01
5.69035e+00 1.52009e+01 3.14250e-01
6.66730e+00 1.52009e+01 6.62702e-01
7.92767e+00 1.52009e+01 5.97676e-01
9.09310e+00 1.52009e+01 5.67754e-01
1.03304e+01 1.52009e+01 6.69577e-01
