# x y radius 
#  E:1.67e+06 E_potential:1.60e+06 E_contact:6.50e+04 fx:1.17e+05 fy:3.01e+05 gravity:8.42e+05
1.60363e+00 6.03635e-01 6.03635e-01
2.34173e+00 2.58253e-01 2.58253e-01
3.04717e+00 5.52143e-01 5.52143e-01
4.00752e+00 4.61769e-01 4.61769e-01
5.71015e+00 2.78850e-01 2.78850e-01
6.51512e+00 6.46116e-01 6.46116e-01
7.65973e+00 5.47003e-01 5.47003e-01
8.80429e+00 6.50227e-01 6.50227e-01
9.87193e+00 4.92203e-01 4.92203e-01
1.06475e+01 3.52548e-01 3.52548e-01
1.37069e+00 1.50007e+00 3.70692e-01
2.37570e+00 1.04251e+00 3.36067e-01
2.99450e+00 1.51502e+00 4.51417e-01
3.61593e+00 1.06652e+00 2.61533e-01
4.97022e+00 6.14021e-01 6.14021e-01
5.69990e+00 1.47163e+00 5.58484e-01
7.25090e+00 1.38101e+00 4.17618e-01
8.11037e+00 1.42281e+00 4.54344e-01
9.82714e+00 1.32928e+00 4.31268e-01
1.04591e+01 8.87803e-01 2.36554e-01
1.46160e+00 2.29542e+00 4.61597e-01
2.11975e+00 1.71171e+00 4.22356e-01
3.33334e+00 2.46882e+00 5.96407e-01
4.30078e+00 1.65184e+00 6.83199e-01
6.59291e+00 2.11286e+00 6.04092e-01
7.64668e+00 2.15753e+00 4.60262e-01
8.63714e+00 1.89595e+00 2.68553e-01
9.10650e+00 1.53604e+00 3.33414e-01
1.02418e+01 1.80787e+00 2.33345e-01
1.06505e+01 1.41029e+00 3.49511e-01
1.24165e+00 2.94790e+00 2.41655e-01
2.31526e+00 2.53558e+00 4.48279e-01
2.75578e+00 3.04207e+00 2.26186e-01
4.14378e+00 2.54353e+00 2.32063e-01
4.58022e+00 2.75313e+00 2.59227e-01
5.21454e+00 2.35838e+00 4.98855e-01
7.23133e+00 3.11844e+00 6.13071e-01
8.42971e+00 2.53069e+00 4.16633e-01
9.59612e+00 2.27383e+00 5.84815e-01
1.06130e+01 2.26481e+00 3.86987e-01
1.51387e+00 3.46547e+00 3.53579e-01
2.23791e+00 3.35181e+00 3.81789e-01
2.92969e+00 3.49525e+00 2.64242e-01
3.36448e+00 3.28128e+00 2.21345e-01
4.05424e+00 3.23995e+00 4.70639e-01
4.99888e+00 3.13751e+00 3.14250e-01
5.97253e+00 3.20047e+00 6.62702e-01
8.12647e+00 3.89826e+00 5.97676e-01
9.08698e+00 3.25722e+00 5.67754e-01
1.03304e+01 3.26801e+00 6.69577e-01
