# x y radius 
#  E:1.76e+06 E_potential:1.71e+06 E_contact:4.69e+04 fx:9.17e+04 fy:1.80e+05 gravity:8.42e+05
1.60363e+00 6.03635e-01 6.03635e-01
2.34023e+00 2.58253e-01 2.58253e-01
3.04431e+00 5.52143e-01 5.52143e-01
3.99841e+00 4.61769e-01 4.61769e-01
5.67955e+00 2.78850e-01 2.78850e-01
6.48016e+00 6.46116e-01 6.46116e-01
7.63250e+00 5.47003e-01 5.47003e-01
8.78499e+00 6.50227e-01 6.50227e-01
9.86302e+00 4.92203e-01 4.92203e-01
1.06475e+01 3.52548e-01 3.52548e-01
1.37069e+00 1.51598e+00 3.70692e-01
2.37861e+00 1.06783e+00 3.36067e-01
3.01345e+00 1.52629e+00 4.51417e-01
3.63543e+00 1.08288e+00 2.61533e-01
4.94805e+00 6.14021e-01 6.14021e-01
5.64251e+00 1.49730e+00 5.58484e-01
7.21771e+00 1.38348e+00 4.17618e-01
8.07735e+00 1.42772e+00 4.54344e-01
9.89006e+00 1.36678e+00 4.31268e-01
1.04564e+01 8.96969e-01 2.36554e-01
1.46160e+00 2.32491e+00 4.61597e-01
2.12107e+00 1.74386e+00 4.22356e-01
3.35468e+00 2.49705e+00 5.96407e-01
4.33555e+00 1.69251e+00 6.83199e-01
6.54761e+00 2.10978e+00 6.04092e-01
7.60275e+00 2.16906e+00 4.60262e-01
8.65773e+00 1.83436e+00 2.68553e-01
9.16444e+00 1.52725e+00 3.33414e-01
1.02821e+01 1.88326e+00 2.33345e-01
1.06505e+01 1.43543e+00 3.49511e-01
1.24165e+00 2.98770e+00 2.41655e-01
2.32505e+00 2.57506e+00 4.48279e-01
2.77433e+00 3.07614e+00 2.26186e-01
4.17466e+00 2.58955e+00 2.32063e-01
4.66426e+00 2.56991e+00 2.59227e-01
5.41764e+00 2.50916e+00 4.98855e-01
7.14710e+00 3.12385e+00 6.13071e-01
8.42332e+00 2.46432e+00 4.16633e-01
9.59496e+00 2.32322e+00 5.84815e-01
1.06130e+01 2.39098e+00 3.86987e-01
1.50000e+00 3.89826e+00 3.53579e-01
2.50000e+00 3.89826e+00 3.81789e-01
3.21321e+00 3.89826e+00 2.64242e-01
3.69874e+00 3.89826e+00 2.21345e-01
4.39053e+00 3.89826e+00 4.70639e-01
5.17500e+00 3.89754e+00 3.14250e-01
6.15112e+00 3.91781e+00 6.62702e-01
7.94765e+00 4.00243e+00 5.97676e-01
9.10055e+00 3.89429e+00 5.67754e-01
1.03304e+01 3.89831e+00 6.69577e-01
