# x y radius 
#  E:2.47e+06 E_potential:2.43e+06 E_contact:3.76e+04 fx:7.23e+04 fy:6.31e+04 gravity:8.42e+05
1.60363e+00 6.03635e-01 6.03635e-01
2.34083e+00 2.58253e-01 2.58253e-01
3.04548e+00 5.52143e-01 5.52143e-01
4.00692e+00 4.61769e-01 4.61769e-01
5.69789e+00 2.78850e-01 2.78850e-01
6.49319e+00 6.51912e-01 6.46116e-01
7.64394e+00 5.47003e-01 5.47003e-01
8.79705e+00 6.50227e-01 6.50227e-01
9.87082e+00 4.92203e-01 4.92203e-01
1.06475e+01 3.52548e-01 3.52548e-01
1.37069e+00 1.51335e+00 3.70692e-01
2.37312e+00 1.09050e+00 3.36067e-01
3.02623e+00 1.52128e+00 4.51417e-01
3.64192e+00 1.08144e+00 2.61533e-01
4.97134e+00 6.14021e-01 6.14021e-01
5.66382e+00 1.52275e+00 5.58484e-01
7.23276e+00 1.39521e+00 4.17618e-01
8.09684e+00 1.42605e+00 4.54344e-01
9.60407e+00 1.36078e+00 4.31268e-01
1.04634e+01 9.00006e-01 2.36554e-01
1.46160e+00 2.31723e+00 4.61597e-01
2.17791e+00 1.80437e+00 4.22356e-01
3.34892e+00 2.49208e+00 5.96407e-01
4.34111e+00 1.69663e+00 6.83199e-01
6.58590e+00 2.15878e+00 6.04092e-01
7.64278e+00 2.17138e+00 4.60262e-01
8.46343e+00 2.04426e+00 2.68553e-01
8.88801e+00 1.61964e+00 3.33414e-01
1.01486e+01 1.73465e+00 2.33345e-01
1.06505e+01 1.44225e+00 3.49511e-01
1.24165e+00 2.97956e+00 2.41655e-01
2.14811e+00 2.90430e+00 4.48279e-01
2.79391e+00 3.09021e+00 2.26186e-01
4.09887e+00 2.84671e+00 2.32063e-01
4.96324e+00 2.84644e+00 2.59227e-01
5.72512e+00 2.84735e+00 4.98855e-01
7.26392e+00 3.15387e+00 6.13071e-01
8.28334e+00 2.84634e+00 4.16633e-01
9.28526e+00 2.84644e+00 5.84815e-01
1.02574e+01 2.84644e+00 3.86987e-01
1.50000e+00 7.59799e+00 3.53579e-01
2.50000e+00 7.59799e+00 3.81789e-01
3.50000e+00 7.59799e+00 2.64242e-01
4.21343e+00 7.59799e+00 2.21345e-01
4.90543e+00 7.59799e+00 4.70639e-01
5.69033e+00 7.59799e+00 3.14250e-01
6.66728e+00 7.59799e+00 6.62702e-01
7.92766e+00 7.59799e+00 5.97676e-01
9.09309e+00 7.59799e+00 5.67754e-01
1.03304e+01 7.59799e+00 6.69577e-01
