# x y radius 
#  E:8.82e+06 E_potential:8.52e+06 E_contact:3.07e+05 fx:1.61e+05 fy:0.00e+00 gravity:8.42e+05
1.60363e+00 8.99001e-01 6.03635e-01
2.50000e+00 8.99001e-01 2.58253e-01
3.48588e+00 8.99001e-01 5.52143e-01
4.51412e+00 8.99001e-01 4.61769e-01
5.48287e+00 8.99001e-01 2.78850e-01
6.40794e+00 8.99001e-01 6.46116e-01
7.48408e+00 8.99001e-01 5.47003e-01
8.56419e+00 8.99001e-01 6.50227e-01
9.59723e+00 8.99001e-01 4.92203e-01
1.05000e+01 8.99001e-01 3.52548e-01
1.37069e+00 5.64901e+00 3.70692e-01
2.06927e+00 5.64901e+00 3.36067e-01
3.00000e+00 5.64901e+00 4.51417e-01
4.00000e+00 5.64901e+00 2.61533e-01
4.92651e+00 5.64901e+00 6.14021e-01
6.07340e+00 5.64901e+00 5.58484e-01
7.04941e+00 5.64901e+00 4.17618e-01
8.00000e+00 5.64901e+00 4.54344e-01
9.00000e+00 5.64901e+00 4.31268e-01
1.00000e+01 5.64901e+00 2.36554e-01
1.50000e+00 1.03990e+01 4.61597e-01
2.40229e+00 1.03990e+01 4.22356e-01
3.40599e+00 1.03990e+01 5.96407e-01
4.49536e+00 1.03990e+01 6.83199e-01
5.59240e+00 1.03990e+01 6.04092e-01
6.59942e+00 1.03990e+01 4.60262e-01
7.50000e+00 1.03990e+01 2.68553e-01
8.50000e+00 1.03990e+01 3.33414e-01
9.50000e+00 1.03990e+01 2.33345e-01
1.05000e+01 1.03990e+01 3.49511e-01
1.24165e+00 1.51490e+01 2.41655e-01
2.00000e+00 1.51490e+01 4.48279e-01
3.00000e+00 1.51490e+01 2.26186e-01
4.00000e+00 1.51490e+01 2.32063e-01
5.00000e+00 1.51490e+01 2.59227e-01
5.94050e+00 1.51490e+01 4.98855e-01
7.04837e+00 1.51490e+01 6.13071e-01
8.07566e+00 1.51490e+01 4.16633e-01
9.07695e+00 1.51490e+01 5.84815e-01
1.00487e+01 1.51490e+01 3.86987e-01
1.50000e+00 1.98991e+01 3.53579e-01
2.50000e+00 1.98991e+01 3.81789e-01
3.50000e+00 1.98991e+01 2.64242e-01
4.50000e+00 1.98991e+01 2.21345e-01
5.50000e+00 1.98991e+01 4.70639e-01
6.42920e+00 1.98991e+01 3.14250e-01
7.40566e+00 1.98991e+01 6.62702e-01
8.47531e+00 1.98991e+01 5.97676e-01
9.41586e+00 1.98991e+01 5.67754e-01
1.03304e+01 1.98991e+01 6.69577e-01
