# x y radius 
#  E:2.36e+06 E_potential:2.32e+06 E_contact:4.09e+04 fx:7.94e+04 fy:7.78e+04 gravity:8.42e+05
1.60363e+00 6.03635e-01 6.03635e-01
2.34595e+00 2.58253e-01 2.58253e-01
3.05553e+00 5.52143e-01 5.52143e-01
4.01684e+00 4.61769e-01 4.61769e-01
5.70921e+00 2.78850e-01 2.78850e-01
6.50807e+00 6.46116e-01 6.46116e-01
7.65494e+00 5.47003e-01 5.47003e-01
8.80436e+00 6.50227e-01 6.50227e-01
9.87336e+00 4.92203e-01 4.92203e-01
1.06475e+01 3.52548e-01 3.52548e-01
1.37069e+00 1.51490e+00 3.70692e-01
2.38211e+00 1.06142e+00 3.36067e-01
3.01175e+00 1.52592e+00 4.51417e-01
3.64470e+00 1.07765e+00 2.61533e-01
4.98127e+00 6.14021e-01 6.14021e-01
5.68842e+00 1.50501e+00 5.58484e-01
7.23968e+00 1.39560e+00 4.17618e-01
8.10376e+00 1.42635e+00 4.54344e-01
9.83017e+00 1.39188e+00 4.31268e-01
1.04649e+01 8.98914e-01 2.36554e-01
1.46160e+00 2.32337e+00 4.61597e-01
2.12020e+00 1.73878e+00 4.22356e-01
3.36714e+00 2.49069e+00 5.96407e-01
4.34463e+00 1.68010e+00 6.83199e-01
6.59379e+00 2.16249e+00 6.04092e-01
7.65025e+00 2.17096e+00 4.60262e-01
8.61230e+00 1.93248e+00 2.68553e-01
9.09597e+00 1.57836e+00 3.33414e-01
1.02712e+01 1.87796e+00 2.33345e-01
1.06505e+01 1.43909e+00 3.49511e-01
1.24165e+00 2.98632e+00 2.41655e-01
2.33245e+00 2.56763e+00 4.48279e-01
2.78383e+00 3.06694e+00 2.26186e-01
4.19026e+00 2.57802e+00 2.32063e-01
4.70446e+00 2.54179e+00 2.59227e-01
5.46048e+00 2.51996e+00 4.98855e-01
7.27651e+00 3.15441e+00 6.13071e-01
8.41977e+00 2.58865e+00 4.16633e-01
9.41109e+00 2.44632e+00 5.84815e-01
1.04824e+01 2.45581e+00 3.86987e-01
1.50000e+00 7.19802e+00 3.53579e-01
2.50000e+00 7.19802e+00 3.81789e-01
3.50000e+00 7.19802e+00 2.64242e-01
4.21343e+00 7.19802e+00 2.21345e-01
4.90543e+00 7.19802e+00 4.70639e-01
5.69033e+00 7.19802e+00 3.14250e-01
6.66728e+00 7.19802e+00 6.62702e-01
7.92766e+00 7.19802e+00 5.97676e-01
9.09309e+00 7.19802e+00 5.67754e-01
1.03304e+01 7.19802e+00 6.69577e-01
