# x y radius 
#  E:3.55e+06 E_potential:3.52e+06 E_contact:2.93e+04 fx:6.07e+04 fy:2.87e+04 gravity:8.42e+05
1.60363e+00 6.03635e-01 6.03635e-01
2.35195e+00 2.58253e-01 2.58253e-01
3.06745e+00 5.52143e-01 5.52143e-01
4.03038e+00 4.61769e-01 4.61769e-01
5.68242e+00 2.78850e-01 2.78850e-01
6.48063e+00 6.46116e-01 6.46116e-01
7.62883e+00 5.47003e-01 5.47003e-01
8.78360e+00 6.50227e-01 6.50227e-01
9.86581e+00 4.92203e-01 4.92203e-01
1.06475e+01 3.52548e-01 3.52548e-01
1.37069e+00 1.52346e+00 3.70692e-01
2.38194e+00 1.06678e+00 3.36067e-01
3.01560e+00 1.52247e+00 4.51417e-01
3.67631e+00 1.08765e+00 2.61533e-01
4.98724e+00 6.67278e-01 6.14021e-01
5.72270e+00 1.56227e+00 5.58484e-01
7.19587e+00 1.40806e+00 4.17618e-01
8.06122e+00 1.43515e+00 4.54344e-01
9.59468e+00 1.35857e+00 4.31268e-01
1.04626e+01 9.07847e-01 2.36554e-01
1.46160e+00 2.33753e+00 4.61597e-01
2.12577e+00 1.75931e+00 4.22356e-01
3.40192e+00 2.46894e+00 5.96407e-01
4.51899e+00 1.85619e+00 6.83199e-01
6.60049e+00 2.30274e+00 6.04092e-01
7.65727e+00 2.23109e+00 4.60262e-01
8.45068e+00 2.03840e+00 2.68553e-01
8.87967e+00 1.61870e+00 3.33414e-01
1.01325e+01 1.74389e+00 2.33345e-01
1.06505e+01 1.47950e+00 3.49511e-01
1.24165e+00 6.24620e+00 2.41655e-01
2.00000e+00 6.24620e+00 4.48279e-01
3.00000e+00 6.24620e+00 2.26186e-01
4.00000e+00 6.24620e+00 2.32063e-01
5.00000e+00 6.24620e+00 2.59227e-01
5.93788e+00 6.24620e+00 4.98855e-01
7.04992e+00 6.24620e+00 6.13071e-01
8.07970e+00 6.24620e+00 4.16633e-01
9.08115e+00 6.24620e+00 5.84815e-01
1.00530e+01 6.24620e+00 3.86987e-01
1.50000e+00 1.09992e+01 3.53579e-01
2.50000e+00 1.09992e+01 3.81789e-01
3.50000e+00 1.09992e+01 2.64242e-01
4.21343e+00 1.09992e+01 2.21345e-01
4.90543e+00 1.09992e+01 4.70639e-01
5.69033e+00 1.09992e+01 3.14250e-01
6.66729e+00 1.09992e+01 6.62702e-01
7.92766e+00 1.09992e+01 5.97676e-01
9.09309e+00 1.09992e+01 5.67754e-01
1.03304e+01 1.09992e+01 6.69577e-01
