# x y radius 
#  E:1.74e+06 E_potential:1.70e+06 E_contact:4.77e+04 fx:9.25e+04 fy:1.81e+05 gravity:8.42e+05
1.60363e+00 6.03635e-01 6.03635e-01
2.33946e+00 2.58253e-01 2.58253e-01
3.04273e+00 5.52143e-01 5.52143e-01
3.99613e+00 4.61769e-01 4.61769e-01
5.67684e+00 2.78850e-01 2.78850e-01
6.47796e+00 6.46116e-01 6.46116e-01
7.63128e+00 5.47003e-01 5.47003e-01
8.78380e+00 6.50227e-01 6.50227e-01
9.86244e+00 4.92203e-01 4.92203e-01
1.06475e+01 3.52548e-01 3.52548e-01
1.37069e+00 1.51622e+00 3.70692e-01
2.37822e+00 1.06908e+00 3.36067e-01
3.01374e+00 1.52637e+00 4.51417e-01
3.63390e+00 1.08334e+00 2.61533e-01
4.94427e+00 6.14021e-01 6.14021e-01
5.63653e+00 1.49636e+00 5.58484e-01
7.21779e+00 1.38203e+00 4.17618e-01
8.07653e+00 1.42977e+00 4.54344e-01
9.89033e+00 1.36660e+00 4.31268e-01
1.04559e+01 8.96839e-01 2.36554e-01
1.46160e+00 2.32548e+00 4.61597e-01
2.12133e+00 1.74498e+00 4.22356e-01
3.35367e+00 2.49803e+00 5.96407e-01
4.33391e+00 1.69326e+00 6.83199e-01
6.54284e+00 2.09984e+00 6.04092e-01
7.59696e+00 2.17135e+00 4.60262e-01
8.65852e+00 1.83426e+00 2.68553e-01
9.16477e+00 1.52654e+00 3.33414e-01
1.02823e+01 1.88318e+00 2.33345e-01
1.06505e+01 1.43524e+00 3.49511e-01
1.24165e+00 2.98824e+00 2.41655e-01
2.32423e+00 2.57660e+00 4.48279e-01
2.77374e+00 3.07761e+00 2.26186e-01
4.17360e+00 2.59039e+00 2.32063e-01
4.66342e+00 2.57042e+00 2.59227e-01
5.41666e+00 2.50939e+00 4.98855e-01
7.12310e+00 3.12086e+00 6.13071e-01
8.41902e+00 2.46226e+00 4.16633e-01
9.59477e+00 2.32283e+00 5.84815e-01
1.06130e+01 2.39098e+00 3.86987e-01
1.50000e+00 3.79827e+00 3.53579e-01
2.46946e+00 3.79827e+00 3.81789e-01
3.11899e+00 3.79827e+00 2.64242e-01
3.60453e+00 3.79827e+00 2.21345e-01
4.29635e+00 3.79827e+00 4.70639e-01
5.08090e+00 3.79731e+00 3.14250e-01
6.05711e+00 3.81902e+00 6.62702e-01
7.95832e+00 3.96374e+00 5.97676e-01
9.10164e+00 3.78756e+00 5.67754e-01
1.03304e+01 3.79853e+00 6.69577e-01
