# x y radius 
#  E:2.41e+06 E_potential:2.37e+06 E_contact:3.73e+04 fx:7.21e+04 fy:6.65e+04 gravity:8.42e+05
1.60363e+00 6.03635e-01 6.03635e-01
2.33947e+00 2.58253e-01 2.58253e-01
3.04284e+00 5.52143e-01 5.52143e-01
4.00365e+00 4.61769e-01 4.61769e-01
5.69406e+00 2.78850e-01 2.78850e-01
6.48653e+00 6.58130e-01 6.46116e-01
7.63880e+00 5.47003e-01 5.47003e-01
8.79540e+00 6.50227e-01 6.50227e-01
9.87046e+00 4.92203e-01 4.92203e-01
1.06475e+01 3.52548e-01 3.52548e-01
1.37069e+00 1.51789e+00 3.70692e-01
2.37257e+00 1.09250e+00 3.36067e-01
3.02743e+00 1.52122e+00 4.51417e-01
3.63777e+00 1.08085e+00 2.61533e-01
4.96685e+00 6.14021e-01 6.14021e-01
5.65386e+00 1.52679e+00 5.58484e-01
7.22613e+00 1.39511e+00 4.17618e-01
8.08933e+00 1.42085e+00 4.54344e-01
9.61423e+00 1.35686e+00 4.31268e-01
1.04631e+01 8.99919e-01 2.36554e-01
1.46160e+00 2.32606e+00 4.61597e-01
2.17100e+00 1.80407e+00 4.22356e-01
3.33915e+00 2.49599e+00 5.96407e-01
4.33250e+00 1.69884e+00 6.83199e-01
6.57877e+00 2.15826e+00 6.04092e-01
7.63583e+00 2.16806e+00 4.60262e-01
8.46991e+00 2.02246e+00 2.68553e-01
8.90507e+00 1.61460e+00 3.33414e-01
1.01520e+01 1.74032e+00 2.33345e-01
1.06505e+01 1.44207e+00 3.49511e-01
1.24165e+00 2.98880e+00 2.41655e-01
2.28653e+00 2.70489e+00 4.48279e-01
2.81304e+00 3.12464e+00 2.26186e-01
4.15440e+00 2.64676e+00 2.32063e-01
4.83266e+00 2.64646e+00 2.59227e-01
5.59060e+00 2.64792e+00 4.98855e-01
7.25969e+00 3.15155e+00 6.13071e-01
8.34162e+00 2.68396e+00 4.16633e-01
9.34244e+00 2.64646e+00 5.84815e-01
1.03145e+01 2.64646e+00 3.86987e-01
1.50000e+00 7.39801e+00 3.53579e-01
2.50000e+00 7.39801e+00 3.81789e-01
3.50000e+00 7.39801e+00 2.64242e-01
4.21343e+00 7.39801e+00 2.21345e-01
4.90543e+00 7.39801e+00 4.70639e-01
5.69033e+00 7.39801e+00 3.14250e-01
6.66728e+00 7.39801e+00 6.62702e-01
7.92766e+00 7.39801e+00 5.97676e-01
9.09309e+00 7.39801e+00 5.67754e-01
1.03304e+01 7.39801e+00 6.69577e-01
