# x y radius 
#  E:1.66e+06 E_potential:1.60e+06 E_contact:6.32e+04 fx:1.16e+05 fy:2.91e+05 gravity:8.42e+05
1.60363e+00 6.03635e-01 6.03635e-01
2.34188e+00 2.58253e-01 2.58253e-01
3.04755e+00 5.52143e-01 5.52143e-01
4.00824e+00 4.61769e-01 4.61769e-01
5.71415e+00 2.78850e-01 2.78850e-01
6.52011e+00 6.46116e-01 6.46116e-01
7.66580e+00 5.47003e-01 5.47003e-01
8.80989e+00 6.50227e-01 6.50227e-01
9.87930e+00 4.92203e-01 4.92203e-01
1.06475e+01 3.52548e-01 3.52548e-01
1.37069e+00 1.49997e+00 3.70692e-01
2.37586e+00 1.04221e+00 3.36067e-01
2.99443e+00 1.51521e+00 4.51417e-01
3.61577e+00 1.06600e+00 2.61533e-01
4.97183e+00 6.14021e-01 6.14021e-01
5.70255e+00 1.46975e+00 5.58484e-01
7.25906e+00 1.37856e+00 4.17618e-01
8.12005e+00 1.42359e+00 4.54344e-01
9.64036e+00 1.30951e+00 4.31268e-01
1.04664e+01 8.91135e-01 2.36554e-01
1.46160e+00 2.29520e+00 4.61597e-01
2.11963e+00 1.71131e+00 4.22356e-01
3.33402e+00 2.46891e+00 5.96407e-01
4.30052e+00 1.65062e+00 6.83199e-01
6.59641e+00 2.10722e+00 6.04092e-01
7.64982e+00 2.15320e+00 4.60262e-01
8.51241e+00 2.01821e+00 2.68553e-01
8.93135e+00 1.59473e+00 3.33414e-01
1.01565e+01 1.72102e+00 2.33345e-01
1.06505e+01 1.41848e+00 3.49511e-01
1.24165e+00 2.94764e+00 2.41655e-01
2.31572e+00 2.53491e+00 4.48279e-01
2.75594e+00 3.04160e+00 2.26186e-01
4.14478e+00 2.54251e+00 2.32063e-01
4.58158e+00 2.75149e+00 2.59227e-01
5.21501e+00 2.35538e+00 4.98855e-01
7.23258e+00 3.11273e+00 6.13071e-01
8.34321e+00 2.66947e+00 4.16633e-01
9.54191e+00 2.25579e+00 5.84815e-01
1.06127e+01 2.14161e+00 3.86987e-01
1.51398e+00 3.46515e+00 3.53579e-01
2.23798e+00 3.35124e+00 3.81789e-01
2.93141e+00 3.49413e+00 2.64242e-01
3.36670e+00 3.28124e+00 2.21345e-01
4.05635e+00 3.23900e+00 4.70639e-01
5.00097e+00 3.13508e+00 3.14250e-01
5.97476e+00 3.19565e+00 6.62702e-01
8.12348e+00 3.89475e+00 5.97676e-01
9.10203e+00 3.28264e+00 5.67754e-01
1.03304e+01 3.19672e+00 6.69577e-01
