# x y radius 
#  E:1.67e+06 E_potential:1.60e+06 E_contact:6.55e+04 fx:1.18e+05 fy:3.02e+05 gravity:8.42e+05
1.60363e+00 6.03635e-01 6.03635e-01
2.34183e+00 2.58253e-01 2.58253e-01
3.04748e+00 5.52143e-01 5.52143e-01
4.00771e+00 4.61769e-01 4.61769e-01
5.70938e+00 2.78850e-01 2.78850e-01
6.51373e+00 6.46116e-01 6.46116e-01
7.65759e+00 5.47003e-01 5.47003e-01
8.80070e+00 6.50227e-01 6.50227e-01
9.86884e+00 4.92203e-01 4.92203e-01
1.06475e+01 3.52548e-01 3.52548e-01
1.37069e+00 1.49995e+00 3.70692e-01
2.37578e+00 1.04212e+00 3.36067e-01
2.99430e+00 1.51509e+00 4.51417e-01
3.61640e+00 1.06665e+00 2.61533e-01
4.97032e+00 6.14021e-01 6.14021e-01
5.69969e+00 1.47245e+00 5.58484e-01
7.25035e+00 1.38235e+00 4.17618e-01
8.10944e+00 1.42434e+00 4.54344e-01
9.87367e+00 1.33013e+00 4.31268e-01
1.04560e+01 8.86543e-01 2.36554e-01
1.46160e+00 2.29520e+00 4.61597e-01
2.11960e+00 1.71122e+00 4.22356e-01
3.33359e+00 2.46871e+00 5.96407e-01
4.30159e+00 1.65224e+00 6.83199e-01
6.59341e+00 2.11441e+00 6.04092e-01
7.64787e+00 2.15998e+00 4.60262e-01
8.66727e+00 1.86308e+00 2.68553e-01
9.14784e+00 1.51608e+00 3.33414e-01
1.02579e+01 1.82124e+00 2.33345e-01
1.06505e+01 1.40762e+00 3.49511e-01
1.24165e+00 2.94770e+00 2.41655e-01
2.31553e+00 2.53480e+00 4.48279e-01
2.75569e+00 3.04156e+00 2.26186e-01
4.14406e+00 2.54391e+00 2.32063e-01
4.58034e+00 2.75388e+00 2.59227e-01
5.21486e+00 2.35958e+00 4.98855e-01
7.23073e+00 3.11994e+00 6.13071e-01
8.44996e+00 2.49826e+00 4.16633e-01
9.60173e+00 2.27192e+00 5.84815e-01
1.06130e+01 2.27684e+00 3.86987e-01
1.51363e+00 3.46540e+00 3.53579e-01
2.23753e+00 3.35087e+00 3.81789e-01
2.92931e+00 3.49481e+00 2.64242e-01
3.36426e+00 3.28119e+00 2.21345e-01
4.05404e+00 3.24032e+00 4.70639e-01
4.99869e+00 3.13858e+00 3.14250e-01
5.97228e+00 3.20240e+00 6.62702e-01
8.12427e+00 3.90060e+00 5.97676e-01
9.07941e+00 3.25224e+00 5.67754e-01
1.03304e+01 3.27149e+00 6.69577e-01
