# x y radius 
#  E:1.66e+06 E_potential:1.60e+06 E_contact:6.43e+04 fx:1.17e+05 fy:3.02e+05 gravity:8.42e+05
1.60363e+00 6.03635e-01 6.03635e-01
2.34155e+00 2.58253e-01 2.58253e-01
3.04691e+00 5.52143e-01 5.52143e-01
4.00736e+00 4.61769e-01 4.61769e-01
5.71003e+00 2.78850e-01 2.78850e-01
6.51469e+00 6.46116e-01 6.46116e-01
7.65923e+00 5.47003e-01 5.47003e-01
8.80426e+00 6.50227e-01 6.50227e-01
9.87507e+00 4.92203e-01 4.92203e-01
1.06475e+01 3.52548e-01 3.52548e-01
1.37069e+00 1.50019e+00 3.70692e-01
2.37553e+00 1.04283e+00 3.36067e-01
2.99472e+00 1.51490e+00 4.51417e-01
3.61512e+00 1.06608e+00 2.61533e-01
4.97039e+00 6.14021e-01 6.14021e-01
5.70047e+00 1.47188e+00 5.58484e-01
7.24998e+00 1.38129e+00 4.17618e-01
8.10758e+00 1.42013e+00 4.54344e-01
9.63335e+00 1.30822e+00 4.31268e-01
1.04591e+01 8.83153e-01 2.36554e-01
1.46160e+00 2.29557e+00 4.61597e-01
2.11990e+00 1.71219e+00 4.22356e-01
3.33260e+00 2.46883e+00 5.96407e-01
4.29958e+00 1.65111e+00 6.83199e-01
6.59546e+00 2.11193e+00 6.04092e-01
7.65102e+00 2.15828e+00 4.60262e-01
8.46442e+00 2.03638e+00 2.68553e-01
8.86453e+00 1.59436e+00 3.33414e-01
1.01556e+01 1.70173e+00 2.33345e-01
1.06505e+01 1.39799e+00 3.49511e-01
1.24165e+00 2.94806e+00 2.41655e-01
2.31482e+00 2.53642e+00 4.48279e-01
2.75567e+00 3.04261e+00 2.26186e-01
4.14297e+00 2.54298e+00 2.32063e-01
4.57930e+00 2.75262e+00 2.59227e-01
5.21295e+00 2.35715e+00 4.98855e-01
7.23016e+00 3.11706e+00 6.13071e-01
8.33764e+00 2.69722e+00 4.16633e-01
9.46681e+00 2.24625e+00 5.84815e-01
1.06130e+01 2.11100e+00 3.86987e-01
1.51391e+00 3.46561e+00 3.53579e-01
2.23809e+00 3.35277e+00 3.81789e-01
2.92949e+00 3.49582e+00 2.64242e-01
3.36400e+00 3.28129e+00 2.21345e-01
4.05374e+00 3.23962e+00 4.70639e-01
4.99816e+00 3.13651e+00 3.14250e-01
5.97185e+00 3.19777e+00 6.62702e-01
8.12234e+00 3.89678e+00 5.97676e-01
9.11205e+00 3.30317e+00 5.67754e-01
1.03304e+01 3.11302e+00 6.69577e-01
