# x y radius 
#  E:1.66e+06 E_potential:1.60e+06 E_contact:6.44e+04 fx:1.17e+05 fy:3.02e+05 gravity:8.42e+05
1.60363e+00 6.03635e-01 6.03635e-01
2.34145e+00 2.58253e-01 2.58253e-01
3.04683e+00 5.52143e-01 5.52143e-01
4.00725e+00 4.61769e-01 4.61769e-01
5.71056e+00 2.78850e-01 2.78850e-01
6.51547e+00 6.46116e-01 6.46116e-01
7.66023e+00 5.47003e-01 5.47003e-01
8.80523e+00 6.50227e-01 6.50227e-01
9.87580e+00 4.92203e-01 4.92203e-01
1.06475e+01 3.52548e-01 3.52548e-01
1.37069e+00 1.50027e+00 3.70692e-01
2.37541e+00 1.04274e+00 3.36067e-01
2.99483e+00 1.51501e+00 4.51417e-01
3.61468e+00 1.06584e+00 2.61533e-01
4.97043e+00 6.14021e-01 6.14021e-01
5.70074e+00 1.47135e+00 5.58484e-01
7.25126e+00 1.38072e+00 4.17618e-01
8.10911e+00 1.42034e+00 4.54344e-01
9.63520e+00 1.30773e+00 4.31268e-01
1.04603e+01 8.84238e-01 2.36554e-01
1.46160e+00 2.29546e+00 4.61597e-01
2.11976e+00 1.71217e+00 4.22356e-01
3.33231e+00 2.46894e+00 5.96407e-01
4.29901e+00 1.65070e+00 6.83199e-01
6.59577e+00 2.11059e+00 6.04092e-01
7.65102e+00 2.15746e+00 4.60262e-01
8.46612e+00 2.03659e+00 2.68553e-01
8.86676e+00 1.59505e+00 3.33414e-01
1.01556e+01 1.70467e+00 2.33345e-01
1.06505e+01 1.40077e+00 3.49511e-01
1.24165e+00 2.94803e+00 2.41655e-01
2.31476e+00 2.53632e+00 4.48279e-01
2.75537e+00 3.04266e+00 2.26186e-01
4.14276e+00 2.54261e+00 2.32063e-01
4.57909e+00 2.75192e+00 2.59227e-01
5.21252e+00 2.35609e+00 4.98855e-01
7.23002e+00 3.11606e+00 6.13071e-01
8.33598e+00 2.69681e+00 4.16633e-01
9.47227e+00 2.24557e+00 5.84815e-01
1.06130e+01 2.11481e+00 3.86987e-01
1.51347e+00 3.46581e+00 3.53579e-01
2.23758e+00 3.35256e+00 3.81789e-01
2.92966e+00 3.49568e+00 2.64242e-01
3.36427e+00 3.28137e+00 2.21345e-01
4.05398e+00 3.23930e+00 4.70639e-01
4.99811e+00 3.13557e+00 3.14250e-01
5.97181e+00 3.19605e+00 6.62702e-01
8.12241e+00 3.89547e+00 5.97676e-01
9.11110e+00 3.30026e+00 5.67754e-01
1.03304e+01 3.11825e+00 6.69577e-01
