# x y radius 
#  E:1.67e+06 E_potential:1.62e+06 E_contact:5.64e+04 fx:1.06e+05 fy:2.52e+05 gravity:8.42e+05
1.60363e+00 6.03635e-01 6.03635e-01
2.34509e+00 2.58253e-01 2.58253e-01
3.05375e+00 5.52143e-01 5.52143e-01
4.00684e+00 4.61769e-01 4.61769e-01
5.69133e+00 2.78850e-01 2.78850e-01
6.49469e+00 6.46116e-01 6.46116e-01
7.64130e+00 5.47003e-01 5.47003e-01
8.78897e+00 6.50227e-01 6.50227e-01
9.86209e+00 4.92203e-01 4.92203e-01
1.06475e+01 3.52548e-01 3.52548e-01
1.37069e+00 1.50152e+00 3.70692e-01
2.37932e+00 1.04516e+00 3.36067e-01
2.99916e+00 1.51837e+00 4.51417e-01
3.64793e+00 1.08510e+00 2.61533e-01
4.95424e+00 6.14021e-01 6.14021e-01
5.67216e+00 1.47722e+00 5.58484e-01
7.22550e+00 1.38660e+00 4.17618e-01
8.08559e+00 1.42714e+00 4.54344e-01
9.88357e+00 1.34093e+00 4.31268e-01
1.04490e+01 8.83035e-01 2.36554e-01
1.46160e+00 2.29722e+00 4.61597e-01
2.12225e+00 1.71747e+00 4.22356e-01
3.33912e+00 2.47725e+00 5.96407e-01
4.34620e+00 1.70231e+00 6.83199e-01
6.55966e+00 2.12194e+00 6.04092e-01
7.61597e+00 2.16730e+00 4.60262e-01
8.66054e+00 1.84212e+00 2.68553e-01
9.16084e+00 1.52423e+00 3.33414e-01
1.02850e+01 1.83550e+00 2.33345e-01
1.06505e+01 1.39908e+00 3.49511e-01
1.24165e+00 2.94820e+00 2.41655e-01
2.31650e+00 2.54681e+00 4.48279e-01
2.76165e+00 3.04996e+00 2.26186e-01
4.13732e+00 2.58847e+00 2.32063e-01
4.61048e+00 2.67279e+00 2.59227e-01
5.31672e+00 2.42979e+00 4.98855e-01
7.18107e+00 3.12632e+00 6.13071e-01
8.43230e+00 2.47435e+00 4.16633e-01
9.63038e+00 2.29008e+00 5.84815e-01
1.06130e+01 2.32486e+00 3.86987e-01
1.52435e+00 3.45826e+00 3.53579e-01
2.25126e+00 3.36850e+00 3.81789e-01
3.04325e+00 3.44667e+00 2.64242e-01
3.49873e+00 3.28190e+00 2.21345e-01
4.18932e+00 3.29848e+00 4.70639e-01
4.97295e+00 3.29484e+00 3.14250e-01
5.94374e+00 3.39181e+00 6.62702e-01
8.10748e+00 3.86417e+00 5.97676e-01
9.09604e+00 3.27002e+00 5.67754e-01
1.03304e+01 3.32704e+00 6.69577e-01
