# x y radius 
#  E:2.44e+06 E_potential:2.40e+06 E_contact:3.70e+04 fx:7.17e+04 fy:6.29e+04 gravity:8.42e+05
1.60363e+00 6.03635e-01 6.03635e-01
2.34020e+00 2.58253e-01 2.58253e-01
3.04425e+00 5.52143e-01 5.52143e-01
4.00542e+00 4.61769e-01 4.61769e-01
5.69690e+00 2.78850e-01 2.78850e-01
6.48944e+00 6.58359e-01 6.46116e-01
7.64088e+00 5.47003e-01 5.47003e-01
8.79503e+00 6.50227e-01 6.50227e-01
9.86982e+00 4.92203e-01 4.92203e-01
1.06475e+01 3.52548e-01 3.52548e-01
1.37069e+00 1.51669e+00 3.70692e-01
2.37292e+00 1.09132e+00 3.36067e-01
3.02689e+00 1.52113e+00 4.51417e-01
3.63964e+00 1.08093e+00 2.61533e-01
4.96941e+00 6.14021e-01 6.14021e-01
5.65648e+00 1.52674e+00 5.58484e-01
7.23188e+00 1.39589e+00 4.17618e-01
8.09552e+00 1.42632e+00 4.54344e-01
9.60212e+00 1.36036e+00 4.31268e-01
1.04626e+01 8.99755e-01 2.36554e-01
1.46160e+00 2.32371e+00 4.61597e-01
2.17218e+00 1.80325e+00 4.22356e-01
3.34254e+00 2.49433e+00 5.96407e-01
4.33580e+00 1.69797e+00 6.83199e-01
6.58230e+00 2.15669e+00 6.04092e-01
7.63960e+00 2.17152e+00 4.60262e-01
8.46202e+00 2.04442e+00 2.68553e-01
8.88629e+00 1.61955e+00 3.33414e-01
1.01477e+01 1.73230e+00 2.33345e-01
1.06505e+01 1.44169e+00 3.49511e-01
1.24165e+00 2.98636e+00 2.41655e-01
2.22641e+00 2.81010e+00 4.48279e-01
2.82103e+00 3.12522e+00 2.26186e-01
4.13216e+00 2.74675e+00 2.32063e-01
4.89118e+00 2.74645e+00 2.59227e-01
5.65028e+00 2.74771e+00 4.98855e-01
7.25836e+00 3.15291e+00 6.13071e-01
8.29962e+00 2.74719e+00 4.16633e-01
9.30086e+00 2.74645e+00 5.84815e-01
1.02726e+01 2.74645e+00 3.86987e-01
1.50000e+00 7.49800e+00 3.53579e-01
2.50000e+00 7.49800e+00 3.81789e-01
3.50000e+00 7.49800e+00 2.64242e-01
4.21343e+00 7.49800e+00 2.21345e-01
4.90543e+00 7.49800e+00 4.70639e-01
5.69033e+00 7.49800e+00 3.14250e-01
6.66728e+00 7.49800e+00 6.62702e-01
7.92766e+00 7.49800e+00 5.97676e-01
9.09309e+00 7.49800e+00 5.67754e-01
1.03304e+01 7.49800e+00 6.69577e-01
