# x y radius 
#  E:2.30e+06 E_potential:2.26e+06 E_contact:4.30e+04 fx:8.49e+04 fy:9.41e+04 gravity:8.42e+05
1.60363e+00 6.03635e-01 6.03635e-01
2.34506e+00 2.58253e-01 2.58253e-01
3.05379e+00 5.52143e-01 5.52143e-01
4.01246e+00 4.61769e-01 4.61769e-01
5.69603e+00 2.78850e-01 2.78850e-01
6.49325e+00 6.46116e-01 6.46116e-01
7.63911e+00 5.47003e-01 5.47003e-01
8.79027e+00 6.50227e-01 6.50227e-01
9.86571e+00 4.92203e-01 4.92203e-01
1.06475e+01 3.52548e-01 3.52548e-01
1.37069e+00 1.51399e+00 3.70692e-01
2.38145e+00 1.06078e+00 3.36067e-01
3.01099e+00 1.52519e+00 4.51417e-01
3.64519e+00 1.08036e+00 2.61533e-01
4.97141e+00 6.14021e-01 6.14021e-01
5.67782e+00 1.50404e+00 5.58484e-01
7.21684e+00 1.39696e+00 4.17618e-01
8.07967e+00 1.42135e+00 4.54344e-01
9.88847e+00 1.36757e+00 4.31268e-01
1.04586e+01 8.97438e-01 2.36554e-01
1.46160e+00 2.32166e+00 4.61597e-01
2.12008e+00 1.73717e+00 4.22356e-01
3.36130e+00 2.49083e+00 5.96407e-01
4.34520e+00 1.68790e+00 6.83199e-01
6.57552e+00 2.17049e+00 6.04092e-01
7.63101e+00 2.16897e+00 4.60262e-01
8.65403e+00 1.83623e+00 2.68553e-01
9.16228e+00 1.53086e+00 3.33414e-01
1.02814e+01 1.88334e+00 2.33345e-01
1.06505e+01 1.43629e+00 3.49511e-01
1.24165e+00 2.98444e+00 2.41655e-01
2.32936e+00 2.56599e+00 4.48279e-01
2.77836e+00 3.06732e+00 2.26186e-01
4.18044e+00 2.58435e+00 2.32063e-01
4.66977e+00 2.56689e+00 2.59227e-01
5.42300e+00 2.50850e+00 4.98855e-01
7.26741e+00 3.15645e+00 6.13071e-01
8.44783e+00 2.47644e+00 4.16633e-01
9.59576e+00 2.32512e+00 5.84815e-01
1.06130e+01 2.39051e+00 3.86987e-01
1.50000e+00 6.89805e+00 3.53579e-01
2.50000e+00 6.89805e+00 3.81789e-01
3.50000e+00 6.89805e+00 2.64242e-01
4.21343e+00 6.89805e+00 2.21345e-01
4.90543e+00 6.89805e+00 4.70639e-01
5.69033e+00 6.89805e+00 3.14250e-01
6.66728e+00 6.89805e+00 6.62702e-01
7.92766e+00 6.89805e+00 5.97676e-01
9.09309e+00 6.89805e+00 5.67754e-01
1.03304e+01 6.89805e+00 6.69577e-01
