# x y radius 
#  E:1.66e+06 E_potential:1.60e+06 E_contact:6.43e+04 fx:1.17e+05 fy:3.02e+05 gravity:8.42e+05
1.60363e+00 6.03635e-01 6.03635e-01
2.34163e+00 2.58253e-01 2.58253e-01
3.04705e+00 5.52143e-01 5.52143e-01
4.00750e+00 4.61769e-01 4.61769e-01
5.70990e+00 2.78850e-01 2.78850e-01
6.51445e+00 6.46116e-01 6.46116e-01
7.65890e+00 5.47003e-01 5.47003e-01
8.80394e+00 6.50227e-01 6.50227e-01
9.87482e+00 4.92203e-01 4.92203e-01
1.06475e+01 3.52548e-01 3.52548e-01
1.37069e+00 1.50015e+00 3.70692e-01
2.37559e+00 1.04269e+00 3.36067e-01
2.99462e+00 1.51491e+00 4.51417e-01
3.61543e+00 1.06619e+00 2.61533e-01
4.97046e+00 6.14021e-01 6.14021e-01
5.70045e+00 1.47213e+00 5.58484e-01
7.24952e+00 1.38154e+00 4.17618e-01
8.10705e+00 1.42006e+00 4.54344e-01
9.63270e+00 1.30842e+00 4.31268e-01
1.04587e+01 8.82799e-01 2.36554e-01
1.46160e+00 2.29551e+00 4.61597e-01
2.11986e+00 1.71202e+00 4.22356e-01
3.33282e+00 2.46877e+00 5.96407e-01
4.30005e+00 1.65132e+00 6.83199e-01
6.59537e+00 2.11257e+00 6.04092e-01
7.65106e+00 2.15860e+00 4.60262e-01
8.46383e+00 2.03630e+00 2.68553e-01
8.86378e+00 1.59414e+00 3.33414e-01
1.01556e+01 1.70077e+00 2.33345e-01
1.06505e+01 1.39707e+00 3.49511e-01
1.24165e+00 2.94799e+00 2.41655e-01
2.31498e+00 2.53616e+00 4.48279e-01
2.75579e+00 3.04238e+00 2.26186e-01
4.14327e+00 2.54318e+00 2.32063e-01
4.57951e+00 2.75297e+00 2.59227e-01
5.21335e+00 2.35769e+00 4.98855e-01
7.23041e+00 3.11751e+00 6.13071e-01
8.33826e+00 2.69737e+00 4.16633e-01
9.46492e+00 2.24656e+00 5.84815e-01
1.06130e+01 2.10975e+00 3.86987e-01
1.51402e+00 3.46548e+00 3.53579e-01
2.23816e+00 3.35250e+00 3.81789e-01
2.92945e+00 3.49565e+00 2.64242e-01
3.36400e+00 3.28122e+00 2.21345e-01
4.05375e+00 3.23976e+00 4.70639e-01
4.99835e+00 3.13699e+00 3.14250e-01
5.97203e+00 3.19868e+00 6.62702e-01
8.12241e+00 3.89754e+00 5.97676e-01
9.11238e+00 3.30428e+00 5.67754e-01
1.03304e+01 3.11132e+00 6.69577e-01
