# x y radius 
#  E:1.66e+06 E_potential:1.60e+06 E_contact:6.43e+04 fx:1.17e+05 fy:3.02e+05 gravity:8.42e+05
1.60363e+00 6.03635e-01 6.03635e-01
2.34165e+00 2.58253e-01 2.58253e-01
3.04707e+00 5.52143e-01 5.52143e-01
4.00752e+00 4.61769e-01 4.61769e-01
5.70991e+00 2.78850e-01 2.78850e-01
6.51442e+00 6.46116e-01 6.46116e-01
7.65888e+00 5.47003e-01 5.47003e-01
8.80392e+00 6.50227e-01 6.50227e-01
9.87480e+00 4.92203e-01 4.92203e-01
1.06475e+01 3.52548e-01 3.52548e-01
1.37069e+00 1.50018e+00 3.70692e-01
2.37557e+00 1.04262e+00 3.36067e-01
2.99464e+00 1.51495e+00 4.51417e-01
3.61548e+00 1.06622e+00 2.61533e-01
4.97048e+00 6.14021e-01 6.14021e-01
5.70045e+00 1.47215e+00 5.58484e-01
7.24950e+00 1.38157e+00 4.17618e-01
8.10700e+00 1.42005e+00 4.54344e-01
9.63265e+00 1.30843e+00 4.31268e-01
1.04587e+01 8.82767e-01 2.36554e-01
1.46160e+00 2.29545e+00 4.61597e-01
2.11981e+00 1.71202e+00 4.22356e-01
3.33286e+00 2.46874e+00 5.96407e-01
4.30009e+00 1.65134e+00 6.83199e-01
6.59537e+00 2.11263e+00 6.04092e-01
7.65106e+00 2.15862e+00 4.60262e-01
8.46379e+00 2.03631e+00 2.68553e-01
8.86373e+00 1.59412e+00 3.33414e-01
1.01556e+01 1.70071e+00 2.33345e-01
1.06505e+01 1.39702e+00 3.49511e-01
1.24165e+00 2.94799e+00 2.41655e-01
2.31501e+00 2.53610e+00 4.48279e-01
2.75576e+00 3.04234e+00 2.26186e-01
4.14330e+00 2.54320e+00 2.32063e-01
4.57955e+00 2.75301e+00 2.59227e-01
5.21340e+00 2.35774e+00 4.98855e-01
7.23044e+00 3.11755e+00 6.13071e-01
8.33831e+00 2.69738e+00 4.16633e-01
9.46479e+00 2.24658e+00 5.84815e-01
1.06130e+01 2.10967e+00 3.86987e-01
1.51399e+00 3.46547e+00 3.53579e-01
2.23815e+00 3.35243e+00 3.81789e-01
2.92946e+00 3.49561e+00 2.64242e-01
3.36400e+00 3.28121e+00 2.21345e-01
4.05378e+00 3.23978e+00 4.70639e-01
4.99838e+00 3.13704e+00 3.14250e-01
5.97205e+00 3.19877e+00 6.62702e-01
8.12242e+00 3.89762e+00 5.97676e-01
9.11240e+00 3.30435e+00 5.67754e-01
1.03304e+01 3.11121e+00 6.69577e-01
