# x y radius 
#  E:2.34e+06 E_potential:2.30e+06 E_contact:4.18e+04 fx:8.29e+04 fy:8.48e+04 gravity:8.42e+05
1.60363e+00 6.03635e-01 6.03635e-01
2.34611e+00 2.58253e-01 2.58253e-01
3.05596e+00 5.52143e-01 5.52143e-01
4.01556e+00 4.61769e-01 4.61769e-01
5.70338e+00 2.78850e-01 2.78850e-01
6.50176e+00 6.46116e-01 6.46116e-01
7.64790e+00 5.47003e-01 5.47003e-01
8.79858e+00 6.50227e-01 6.50227e-01
9.87020e+00 4.92203e-01 4.92203e-01
1.06475e+01 3.52548e-01 3.52548e-01
1.37069e+00 1.51340e+00 3.70692e-01
2.38209e+00 1.05893e+00 3.36067e-01
3.01030e+00 1.52502e+00 4.51417e-01
3.64727e+00 1.07973e+00 2.61533e-01
4.97664e+00 6.14021e-01 6.14021e-01
5.68501e+00 1.50289e+00 5.58484e-01
7.22814e+00 1.39638e+00 4.17618e-01
8.09131e+00 1.42308e+00 4.54344e-01
9.88094e+00 1.38032e+00 4.31268e-01
1.04629e+01 8.99506e-01 2.36554e-01
1.46160e+00 2.32073e+00 4.61597e-01
2.11969e+00 1.73518e+00 4.22356e-01
3.36321e+00 2.48935e+00 5.96407e-01
4.34741e+00 1.68646e+00 6.83199e-01
6.58469e+00 2.16741e+00 6.04092e-01
7.64060e+00 2.16954e+00 4.60262e-01
8.64735e+00 1.86696e+00 2.68553e-01
9.15234e+00 1.55218e+00 3.33414e-01
1.02836e+01 1.89085e+00 2.33345e-01
1.06505e+01 1.44086e+00 3.49511e-01
1.24165e+00 2.98350e+00 2.41655e-01
2.33063e+00 2.56304e+00 4.48279e-01
2.77921e+00 3.06471e+00 2.26186e-01
4.18237e+00 2.58276e+00 2.32063e-01
4.67171e+00 2.56539e+00 2.59227e-01
5.42487e+00 2.50624e+00 4.98855e-01
7.27302e+00 3.15570e+00 6.13071e-01
8.44453e+00 2.51184e+00 4.16633e-01
9.59979e+00 2.35119e+00 5.84815e-01
1.06130e+01 2.40273e+00 3.86987e-01
1.50000e+00 7.09803e+00 3.53579e-01
2.50000e+00 7.09803e+00 3.81789e-01
3.50000e+00 7.09803e+00 2.64242e-01
4.21343e+00 7.09803e+00 2.21345e-01
4.90543e+00 7.09803e+00 4.70639e-01
5.69033e+00 7.09803e+00 3.14250e-01
6.66728e+00 7.09803e+00 6.62702e-01
7.92766e+00 7.09803e+00 5.97676e-01
9.09309e+00 7.09803e+00 5.67754e-01
1.03304e+01 7.09803e+00 6.69577e-01
