# x y radius 
#  E:1.66e+06 E_potential:1.60e+06 E_contact:6.43e+04 fx:1.17e+05 fy:3.02e+05 gravity:8.42e+05
1.60363e+00 6.03635e-01 6.03635e-01
2.34155e+00 2.58253e-01 2.58253e-01
3.04717e+00 5.52143e-01 5.52143e-01
4.00741e+00 4.61769e-01 4.61769e-01
5.70979e+00 2.78850e-01 2.78850e-01
6.51451e+00 6.46116e-01 6.46116e-01
7.65880e+00 5.47003e-01 5.47003e-01
8.80400e+00 6.50227e-01 6.50227e-01
9.87472e+00 4.92203e-01 4.92203e-01
1.06475e+01 3.52548e-01 3.52548e-01
1.37069e+00 1.50016e+00 3.70692e-01
2.37549e+00 1.04260e+00 3.36067e-01
2.99470e+00 1.51501e+00 4.51417e-01
3.61541e+00 1.06614e+00 2.61533e-01
4.97060e+00 6.14021e-01 6.14021e-01
5.70034e+00 1.47206e+00 5.58484e-01
7.24948e+00 1.38152e+00 4.17618e-01
8.10703e+00 1.42012e+00 4.54344e-01
9.63260e+00 1.30837e+00 4.31268e-01
1.04588e+01 8.82849e-01 2.36554e-01
1.46160e+00 2.29547e+00 4.61597e-01
2.11982e+00 1.71203e+00 4.22356e-01
3.33298e+00 2.46866e+00 5.96407e-01
4.30001e+00 1.65145e+00 6.83199e-01
6.59541e+00 2.11271e+00 6.04092e-01
7.65105e+00 2.15861e+00 4.60262e-01
8.46383e+00 2.03626e+00 2.68553e-01
8.86370e+00 1.59418e+00 3.33414e-01
1.01556e+01 1.70078e+00 2.33345e-01
1.06505e+01 1.39696e+00 3.49511e-01
1.24165e+00 2.94799e+00 2.41655e-01
2.31490e+00 2.53607e+00 4.48279e-01
2.75580e+00 3.04245e+00 2.26186e-01
4.14318e+00 2.54310e+00 2.32063e-01
4.57966e+00 2.75301e+00 2.59227e-01
5.21331e+00 2.35775e+00 4.98855e-01
7.23037e+00 3.11755e+00 6.13071e-01
8.33832e+00 2.69739e+00 4.16633e-01
9.46474e+00 2.24658e+00 5.84815e-01
1.06130e+01 2.10967e+00 3.86987e-01
1.51397e+00 3.46547e+00 3.53579e-01
2.23818e+00 3.35243e+00 3.81789e-01
2.92938e+00 3.49561e+00 2.64242e-01
3.36408e+00 3.28121e+00 2.21345e-01
4.05370e+00 3.23978e+00 4.70639e-01
4.99830e+00 3.13704e+00 3.14250e-01
5.97214e+00 3.19877e+00 6.62702e-01
8.12245e+00 3.89762e+00 5.97676e-01
9.11238e+00 3.30435e+00 5.67754e-01
1.03304e+01 3.11121e+00 6.69577e-01
