# x y radius 
#  E:4.57e+06 E_potential:4.57e+06 E_contact:2.02e+03 fx:1.30e+04 fy:9.52e+03 gravity:8.42e+05
1.60363e+00 6.03635e-01 6.03635e-01
2.38568e+00 2.58253e-01 2.58253e-01
3.13361e+00 5.52143e-01 5.52143e-01
4.13372e+00 4.61769e-01 4.61769e-01
5.49489e+00 2.78850e-01 2.78850e-01
6.33516e+00 6.46116e-01 6.46116e-01
7.51661e+00 5.47003e-01 5.47003e-01
8.70217e+00 6.50227e-01 6.50227e-01
9.82468e+00 4.92203e-01 4.92203e-01
1.06475e+01 3.52548e-01 3.52548e-01
1.37069e+00 1.53803e+00 3.70692e-01
2.41456e+00 1.05805e+00 3.36067e-01
3.03931e+00 1.53593e+00 4.51417e-01
3.75493e+00 1.07297e+00 2.61533e-01
5.03024e+00 1.00937e+00 6.14021e-01
5.92689e+00 1.75776e+00 5.58484e-01
7.07631e+00 1.39590e+00 4.17618e-01
7.94561e+00 1.44084e+00 4.54344e-01
9.51904e+00 1.35079e+00 4.31268e-01
1.04295e+01 8.95737e-01 2.36554e-01
1.46160e+00 3.79829e+00 4.61597e-01
2.34559e+00 3.79829e+00 4.22356e-01
3.36438e+00 3.79829e+00 5.96407e-01
4.64443e+00 3.79829e+00 6.83199e-01
5.93199e+00 3.79829e+00 6.04092e-01
6.99635e+00 3.79829e+00 4.60262e-01
7.72586e+00 3.79829e+00 2.68553e-01
8.50000e+00 3.79829e+00 3.33414e-01
9.50000e+00 3.79829e+00 2.33345e-01
1.05000e+01 3.79829e+00 3.49511e-01
1.24165e+00 8.54629e+00 2.41655e-01
2.00000e+00 8.54629e+00 4.48279e-01
3.00000e+00 8.54629e+00 2.26186e-01
4.00000e+00 8.54629e+00 2.32063e-01
5.00000e+00 8.54629e+00 2.59227e-01
5.93788e+00 8.54629e+00 4.98855e-01
7.04992e+00 8.54629e+00 6.13071e-01
8.07970e+00 8.54629e+00 4.16633e-01
9.08115e+00 8.54629e+00 5.84815e-01
1.00530e+01 8.54629e+00 3.86987e-01
1.50000e+00 1.33001e+01 3.53579e-01
2.50000e+00 1.33001e+01 3.81789e-01
3.50000e+00 1.33001e+01 2.64242e-01
4.21343e+00 1.33001e+01 2.21345e-01
4.90543e+00 1.33001e+01 4.70639e-01
5.69033e+00 1.33001e+01 3.14250e-01
6.66729e+00 1.33001e+01 6.62702e-01
7.92767e+00 1.33001e+01 5.97676e-01
9.09309e+00 1.33001e+01 5.67754e-01
1.03304e+01 1.33001e+01 6.69577e-01
