# x y radius 
#  E:1.67e+06 E_potential:1.60e+06 E_contact:6.53e+04 fx:1.17e+05 fy:3.01e+05 gravity:8.42e+05
1.60363e+00 6.03635e-01 6.03635e-01
2.34214e+00 2.58253e-01 2.58253e-01
3.04794e+00 5.52143e-01 5.52143e-01
4.00803e+00 4.61769e-01 4.61769e-01
5.70841e+00 2.78850e-01 2.78850e-01
6.51234e+00 6.46116e-01 6.46116e-01
7.65616e+00 5.47003e-01 5.47003e-01
8.79956e+00 6.50227e-01 6.50227e-01
9.86819e+00 4.92203e-01 4.92203e-01
1.06475e+01 3.52548e-01 3.52548e-01
1.37069e+00 1.49972e+00 3.70692e-01
2.37601e+00 1.04133e+00 3.36067e-01
2.99385e+00 1.51529e+00 4.51417e-01
3.61766e+00 1.06728e+00 2.61533e-01
4.96999e+00 6.14021e-01 6.14021e-01
5.69871e+00 1.47323e+00 5.58484e-01
7.24788e+00 1.38284e+00 4.17618e-01
8.10708e+00 1.42411e+00 4.54344e-01
9.87450e+00 1.32995e+00 4.31268e-01
1.04554e+01 8.86295e-01 2.36554e-01
1.46160e+00 2.29474e+00 4.61597e-01
2.11923e+00 1.71018e+00 4.22356e-01
3.33453e+00 2.46857e+00 5.96407e-01
4.30351e+00 1.65340e+00 6.83199e-01
6.59119e+00 2.11680e+00 6.04092e-01
7.64576e+00 2.15994e+00 4.60262e-01
8.66703e+00 1.85971e+00 2.68553e-01
9.14910e+00 1.51528e+00 3.33414e-01
1.02587e+01 1.82120e+00 2.33345e-01
1.06505e+01 1.40702e+00 3.49511e-01
1.24165e+00 2.94723e+00 2.41655e-01
2.31622e+00 2.53302e+00 4.48279e-01
2.75558e+00 3.04043e+00 2.26186e-01
4.14509e+00 2.54489e+00 2.32063e-01
4.58126e+00 2.75530e+00 2.59227e-01
5.21664e+00 2.36214e+00 4.98855e-01
7.23102e+00 3.12093e+00 6.13071e-01
8.44883e+00 2.49433e+00 4.16633e-01
9.60250e+00 2.27172e+00 5.84815e-01
1.06130e+01 2.27740e+00 3.86987e-01
1.51316e+00 3.46515e+00 3.53579e-01
2.23677e+00 3.34875e+00 3.81789e-01
2.92894e+00 3.49375e+00 2.64242e-01
3.36435e+00 3.28108e+00 2.21345e-01
4.05418e+00 3.24107e+00 4.70639e-01
4.99912e+00 3.14077e+00 3.14250e-01
5.97262e+00 3.20704e+00 6.62702e-01
8.12382e+00 3.90267e+00 5.97676e-01
9.07588e+00 3.24970e+00 5.67754e-01
1.03304e+01 3.27200e+00 6.69577e-01
