# x y radius 
#  E:2.49e+06 E_potential:2.46e+06 E_contact:3.80e+04 fx:7.27e+04 fy:6.31e+04 gravity:8.42e+05
1.60363e+00 6.03635e-01 6.03635e-01
2.34119e+00 2.58253e-01 2.58253e-01
3.04623e+00 5.52143e-01 5.52143e-01
4.00757e+00 4.61769e-01 4.61769e-01
5.69761e+00 2.78850e-01 2.78850e-01
6.49506e+00 6.46762e-01 6.46116e-01
7.64553e+00 5.47003e-01 5.47003e-01
8.79791e+00 6.50227e-01 6.50227e-01
9.87128e+00 4.92203e-01 4.92203e-01
1.06475e+01 3.52548e-01 3.52548e-01
1.37069e+00 1.51085e+00 3.70692e-01
2.37344e+00 1.09006e+00 3.36067e-01
3.02588e+00 1.52204e+00 4.51417e-01
3.64347e+00 1.08200e+00 2.61533e-01
4.97196e+00 6.14021e-01 6.14021e-01
5.66842e+00 1.51968e+00 5.58484e-01
7.23195e+00 1.39364e+00 4.17618e-01
8.09658e+00 1.42606e+00 4.54344e-01
9.60482e+00 1.36086e+00 4.31268e-01
1.04638e+01 9.00111e-01 2.36554e-01
1.46160e+00 2.31233e+00 4.61597e-01
2.18188e+00 1.80494e+00 4.22356e-01
3.35407e+00 2.49190e+00 5.96407e-01
4.34484e+00 1.69628e+00 6.83199e-01
6.58768e+00 2.15948e+00 6.04092e-01
7.64479e+00 2.17285e+00 4.60262e-01
8.46373e+00 2.04383e+00 2.68553e-01
8.88875e+00 1.61965e+00 3.33414e-01
1.01488e+01 1.73532e+00 2.33345e-01
1.06505e+01 1.44247e+00 3.49511e-01
1.24165e+00 2.97511e+00 2.41655e-01
2.07242e+00 2.97321e+00 4.48279e-01
2.74136e+00 3.02818e+00 2.26186e-01
4.04904e+00 2.94658e+00 2.32063e-01
5.00000e+00 2.94644e+00 2.59227e-01
5.81562e+00 2.94698e+00 4.98855e-01
7.26511e+00 3.15493e+00 6.13071e-01
8.28334e+00 2.94633e+00 4.16633e-01
9.28526e+00 2.94644e+00 5.84815e-01
1.02574e+01 2.94644e+00 3.86987e-01
1.50000e+00 7.69799e+00 3.53579e-01
2.50000e+00 7.69799e+00 3.81789e-01
3.50000e+00 7.69799e+00 2.64242e-01
4.21343e+00 7.69799e+00 2.21345e-01
4.90543e+00 7.69799e+00 4.70639e-01
5.69033e+00 7.69799e+00 3.14250e-01
6.66728e+00 7.69799e+00 6.62702e-01
7.92766e+00 7.69799e+00 5.97676e-01
9.09309e+00 7.69799e+00 5.67754e-01
1.03304e+01 7.69799e+00 6.69577e-01
