# x y radius 
#  E:2.52e+06 E_potential:2.49e+06 E_contact:3.66e+04 fx:7.10e+04 fy:5.66e+04 gravity:8.42e+05
1.60363e+00 6.03635e-01 6.03635e-01
2.33899e+00 2.58253e-01 2.58253e-01
3.04190e+00 5.52143e-01 5.52143e-01
4.00238e+00 4.61769e-01 4.61769e-01
5.69253e+00 2.78850e-01 2.78850e-01
6.49125e+00 6.46116e-01 6.46116e-01
7.64241e+00 5.47003e-01 5.47003e-01
8.79538e+00 6.50227e-01 6.50227e-01
9.86998e+00 4.92203e-01 4.92203e-01
1.06475e+01 3.52548e-01 3.52548e-01
1.37069e+00 1.52465e+00 3.70692e-01
2.37293e+00 1.09253e+00 3.36067e-01
3.02789e+00 1.52150e+00 4.51417e-01
3.63583e+00 1.08039e+00 2.61533e-01
4.96486e+00 6.14021e-01 6.14021e-01
5.66459e+00 1.51810e+00 5.58484e-01
7.22773e+00 1.39322e+00 4.17618e-01
8.09210e+00 1.42712e+00 4.54344e-01
9.60251e+00 1.36055e+00 4.31268e-01
1.04627e+01 8.99777e-01 2.36554e-01
1.46160e+00 2.33924e+00 4.61597e-01
2.15647e+00 1.79881e+00 4.22356e-01
3.33330e+00 2.49885e+00 5.96407e-01
4.32735e+00 1.70037e+00 6.83199e-01
6.58425e+00 2.15986e+00 6.04092e-01
7.64164e+00 2.17722e+00 4.60262e-01
8.46143e+00 2.04365e+00 2.68553e-01
8.88655e+00 1.61961e+00 3.33414e-01
1.01479e+01 1.73298e+00 2.33345e-01
1.06505e+01 1.44176e+00 3.49511e-01
1.24165e+00 3.04643e+00 2.41655e-01
2.03671e+00 3.04645e+00 4.48279e-01
2.72023e+00 3.04726e+00 2.26186e-01
4.00000e+00 3.04643e+00 2.32063e-01
5.00000e+00 3.04643e+00 2.59227e-01
5.92969e+00 3.04643e+00 4.98855e-01
7.25730e+00 3.15925e+00 6.13071e-01
8.28334e+00 3.04632e+00 4.16633e-01
9.28526e+00 3.04643e+00 5.84815e-01
1.02574e+01 3.04643e+00 3.86987e-01
1.50000e+00 7.79798e+00 3.53579e-01
2.50000e+00 7.79798e+00 3.81789e-01
3.50000e+00 7.79798e+00 2.64242e-01
4.21343e+00 7.79798e+00 2.21345e-01
4.90543e+00 7.79798e+00 4.70639e-01
5.69033e+00 7.79798e+00 3.14250e-01
6.66728e+00 7.79798e+00 6.62702e-01
7.92766e+00 7.79798e+00 5.97676e-01
9.09309e+00 7.79798e+00 5.67754e-01
1.03304e+01 7.79798e+00 6.69577e-01
