# x y radius 
#  E:3.38e+06 E_potential:3.35e+06 E_contact:3.39e+04 fx:6.80e+04 fy:3.54e+04 gravity:8.42e+05
1.60363e+00 6.03635e-01 6.03635e-01
2.34293e+00 2.58253e-01 2.58253e-01
3.04962e+00 5.52143e-01 5.52143e-01
4.01213e+00 4.61769e-01 4.61769e-01
5.69858e+00 2.78850e-01 2.78850e-01
6.49347e+00 6.46116e-01 6.46116e-01
7.64184e+00 5.47003e-01 5.47003e-01
8.79143e+00 6.50227e-01 6.50227e-01
9.86799e+00 4.92203e-01 4.92203e-01
1.06475e+01 3.52548e-01 3.52548e-01
1.37069e+00 1.52591e+00 3.70692e-01
2.37651e+00 1.08360e+00 3.36067e-01
3.02464e+00 1.52206e+00 4.51417e-01
3.64422e+00 1.07962e+00 2.61533e-01
4.97872e+00 6.14021e-01 6.14021e-01
5.68225e+00 1.52545e+00 5.58484e-01
7.21898e+00 1.39530e+00 4.17618e-01
8.08041e+00 1.44098e+00 4.54344e-01
9.59900e+00 1.36005e+00 4.31268e-01
1.04610e+01 8.99232e-01 2.36554e-01
1.46160e+00 2.34170e+00 4.61597e-01
2.13987e+00 1.78178e+00 4.22356e-01
3.34288e+00 2.49542e+00 5.96407e-01
4.33738e+00 1.69776e+00 6.83199e-01
6.60627e+00 2.18907e+00 6.04092e-01
7.66530e+00 2.23491e+00 4.60262e-01
8.46374e+00 2.04898e+00 2.68553e-01
8.88324e+00 1.61947e+00 3.33414e-01
1.01465e+01 1.72935e+00 2.33345e-01
1.06505e+01 1.44061e+00 3.49511e-01
1.24165e+00 5.74623e+00 2.41655e-01
2.00000e+00 5.74623e+00 4.48279e-01
3.00000e+00 5.74623e+00 2.26186e-01
4.00000e+00 5.74623e+00 2.32063e-01
5.00000e+00 5.74623e+00 2.59227e-01
5.93788e+00 5.74623e+00 4.98855e-01
7.04992e+00 5.74623e+00 6.13071e-01
8.07970e+00 5.74623e+00 4.16633e-01
9.08115e+00 5.74623e+00 5.84815e-01
1.00530e+01 5.74623e+00 3.86987e-01
1.50000e+00 1.04990e+01 3.53579e-01
2.50000e+00 1.04990e+01 3.81789e-01
3.50000e+00 1.04990e+01 2.64242e-01
4.21343e+00 1.04990e+01 2.21345e-01
4.90543e+00 1.04990e+01 4.70639e-01
5.69033e+00 1.04990e+01 3.14250e-01
6.66729e+00 1.04990e+01 6.62702e-01
7.92766e+00 1.04990e+01 5.97676e-01
9.09309e+00 1.04990e+01 5.67754e-01
1.03304e+01 1.04990e+01 6.69577e-01
