# x y radius 
#  E:1.66e+06 E_potential:1.60e+06 E_contact:6.43e+04 fx:1.17e+05 fy:3.02e+05 gravity:8.42e+05
1.60363e+00 6.03635e-01 6.03635e-01
2.34163e+00 2.58253e-01 2.58253e-01
3.04709e+00 5.52143e-01 5.52143e-01
4.00750e+00 4.61769e-01 4.61769e-01
5.70996e+00 2.78850e-01 2.78850e-01
6.51435e+00 6.46116e-01 6.46116e-01
7.65896e+00 5.47003e-01 5.47003e-01
8.80384e+00 6.50227e-01 6.50227e-01
9.87488e+00 4.92203e-01 4.92203e-01
1.06475e+01 3.52548e-01 3.52548e-01
1.37069e+00 1.50015e+00 3.70692e-01
2.37558e+00 1.04264e+00 3.36067e-01
2.99462e+00 1.51493e+00 4.51417e-01
3.61545e+00 1.06619e+00 2.61533e-01
4.97051e+00 6.14021e-01 6.14021e-01
5.70041e+00 1.47207e+00 5.58484e-01
7.24959e+00 1.38166e+00 4.17618e-01
8.10691e+00 1.41997e+00 4.54344e-01
9.63270e+00 1.30853e+00 4.31268e-01
1.04587e+01 8.82709e-01 2.36554e-01
1.46160e+00 2.29548e+00 4.61597e-01
2.11983e+00 1.71200e+00 4.22356e-01
3.33292e+00 2.46874e+00 5.96407e-01
4.30008e+00 1.65137e+00 6.83199e-01
6.59545e+00 2.11267e+00 6.04092e-01
7.65097e+00 2.15854e+00 4.60262e-01
8.46373e+00 2.03640e+00 2.68553e-01
8.86380e+00 1.59404e+00 3.33414e-01
1.01555e+01 1.70068e+00 2.33345e-01
1.06505e+01 1.39702e+00 3.49511e-01
1.24165e+00 2.94798e+00 2.41655e-01
2.31495e+00 2.53609e+00 4.48279e-01
2.75580e+00 3.04238e+00 2.26186e-01
4.14322e+00 2.54317e+00 2.32063e-01
4.57964e+00 2.75300e+00 2.59227e-01
5.21332e+00 2.35775e+00 4.98855e-01
7.23034e+00 3.11755e+00 6.13071e-01
8.33840e+00 2.69738e+00 4.16633e-01
9.46483e+00 2.24658e+00 5.84815e-01
1.06130e+01 2.10967e+00 3.86987e-01
1.51401e+00 3.46547e+00 3.53579e-01
2.23814e+00 3.35243e+00 3.81789e-01
2.92938e+00 3.49561e+00 2.64242e-01
3.36408e+00 3.28121e+00 2.21345e-01
4.05371e+00 3.23978e+00 4.70639e-01
4.99832e+00 3.13704e+00 3.14250e-01
5.97214e+00 3.19877e+00 6.62702e-01
8.12251e+00 3.89762e+00 5.97676e-01
9.11231e+00 3.30435e+00 5.67754e-01
1.03304e+01 3.11121e+00 6.69577e-01
