# x y radius 
#  E:1.66e+06 E_potential:1.60e+06 E_contact:6.43e+04 fx:1.17e+05 fy:3.02e+05 gravity:8.42e+05
1.60363e+00 6.03635e-01 6.03635e-01
2.34169e+00 2.58253e-01 2.58253e-01
3.04702e+00 5.52143e-01 5.52143e-01
4.00757e+00 4.61769e-01 4.61769e-01
5.70990e+00 2.78850e-01 2.78850e-01
6.51446e+00 6.46116e-01 6.46116e-01
7.65885e+00 5.47003e-01 5.47003e-01
8.80393e+00 6.50227e-01 6.50227e-01
9.87478e+00 4.92203e-01 4.92203e-01
1.06475e+01 3.52548e-01 3.52548e-01
1.37069e+00 1.50015e+00 3.70692e-01
2.37561e+00 1.04266e+00 3.36067e-01
2.99460e+00 1.51491e+00 4.51417e-01
3.61552e+00 1.06626e+00 2.61533e-01
4.97043e+00 6.14021e-01 6.14021e-01
5.70052e+00 1.47222e+00 5.58484e-01
7.24942e+00 1.38150e+00 4.17618e-01
8.10707e+00 1.42008e+00 4.54344e-01
9.63265e+00 1.30843e+00 4.31268e-01
1.04588e+01 8.82806e-01 2.36554e-01
1.46160e+00 2.29548e+00 4.61597e-01
2.11984e+00 1.71198e+00 4.22356e-01
3.33281e+00 2.46878e+00 5.96407e-01
4.30012e+00 1.65128e+00 6.83199e-01
6.59529e+00 2.11256e+00 6.04092e-01
7.65114e+00 2.15870e+00 4.60262e-01
8.46383e+00 2.03626e+00 2.68553e-01
8.86368e+00 1.59417e+00 3.33414e-01
1.01556e+01 1.70072e+00 2.33345e-01
1.06505e+01 1.39699e+00 3.49511e-01
1.24165e+00 2.94798e+00 2.41655e-01
2.31507e+00 2.53612e+00 4.48279e-01
2.75574e+00 3.04229e+00 2.26186e-01
4.14336e+00 2.54325e+00 2.32063e-01
4.57948e+00 2.75301e+00 2.59227e-01
5.21347e+00 2.35774e+00 4.98855e-01
7.23052e+00 3.11756e+00 6.13071e-01
8.33823e+00 2.69737e+00 4.16633e-01
9.46478e+00 2.24659e+00 5.84815e-01
1.06130e+01 2.10967e+00 3.86987e-01
1.51400e+00 3.46547e+00 3.53579e-01
2.23815e+00 3.35243e+00 3.81789e-01
2.92951e+00 3.49561e+00 2.64242e-01
3.36395e+00 3.28122e+00 2.21345e-01
4.05383e+00 3.23978e+00 4.70639e-01
4.99845e+00 3.13704e+00 3.14250e-01
5.97198e+00 3.19877e+00 6.62702e-01
8.12235e+00 3.89762e+00 5.97676e-01
9.11248e+00 3.30435e+00 5.67754e-01
1.03304e+01 3.11121e+00 6.69577e-01
