# x y radius 
#  E:1.66e+06 E_potential:1.60e+06 E_contact:6.43e+04 fx:1.17e+05 fy:2.99e+05 gravity:8.42e+05
1.60363e+00 6.03635e-01 6.03635e-01
2.34172e+00 2.58253e-01 2.58253e-01
3.04721e+00 5.52143e-01 5.52143e-01
4.00796e+00 4.61769e-01 4.61769e-01
5.71308e+00 2.78850e-01 2.78850e-01
6.51864e+00 6.46116e-01 6.46116e-01
7.66403e+00 5.47003e-01 5.47003e-01
8.80888e+00 6.50227e-01 6.50227e-01
9.87847e+00 4.92203e-01 4.92203e-01
1.06475e+01 3.52548e-01 3.52548e-01
1.37069e+00 1.49994e+00 3.70692e-01
2.37571e+00 1.04228e+00 3.36067e-01
2.99437e+00 1.51502e+00 4.51417e-01
3.61495e+00 1.06563e+00 2.61533e-01
4.97154e+00 6.14021e-01 6.14021e-01
5.70252e+00 1.47014e+00 5.58484e-01
7.25581e+00 1.37926e+00 4.17618e-01
8.11475e+00 1.42124e+00 4.54344e-01
9.64164e+00 1.30686e+00 4.31268e-01
1.04644e+01 8.88373e-01 2.36554e-01
1.46160e+00 2.29514e+00 4.61597e-01
2.11969e+00 1.71137e+00 4.22356e-01
3.33310e+00 2.46880e+00 5.96407e-01
4.29910e+00 1.64996e+00 6.83199e-01
6.59734e+00 2.10780e+00 6.04092e-01
7.65169e+00 2.15503e+00 4.60262e-01
8.47231e+00 2.03748e+00 2.68553e-01
8.87511e+00 1.59786e+00 3.33414e-01
1.01557e+01 1.71579e+00 2.33345e-01
1.06505e+01 1.41136e+00 3.49511e-01
1.24165e+00 2.94757e+00 2.41655e-01
2.31519e+00 2.53511e+00 4.48279e-01
2.75542e+00 3.04179e+00 2.26186e-01
4.14351e+00 2.54185e+00 2.32063e-01
4.58025e+00 2.75062e+00 2.59227e-01
5.21328e+00 2.35423e+00 4.98855e-01
7.23175e+00 3.11381e+00 6.13071e-01
8.33117e+00 2.69574e+00 4.16633e-01
9.49142e+00 2.24473e+00 5.84815e-01
1.06130e+01 2.12942e+00 3.86987e-01
1.51343e+00 3.46528e+00 3.53579e-01
2.23738e+00 3.35117e+00 3.81789e-01
2.93075e+00 3.49434e+00 2.64242e-01
3.36591e+00 3.28119e+00 2.21345e-01
4.05554e+00 3.23849e+00 4.70639e-01
4.99971e+00 3.13388e+00 3.14250e-01
5.97350e+00 3.19318e+00 6.62702e-01
8.12360e+00 3.89450e+00 5.97676e-01
9.10795e+00 3.29184e+00 5.67754e-01
1.03304e+01 3.13849e+00 6.69577e-01
