# x y radius 
#  E:1.67e+06 E_potential:1.61e+06 E_contact:6.29e+04 fx:1.13e+05 fy:2.93e+05 gravity:8.42e+05
1.60363e+00 6.03635e-01 6.03635e-01
2.34438e+00 2.58253e-01 2.58253e-01
3.05246e+00 5.52143e-01 5.52143e-01
4.01069e+00 4.61769e-01 4.61769e-01
5.70192e+00 2.78850e-01 2.78850e-01
6.50319e+00 6.46116e-01 6.46116e-01
7.64619e+00 5.47003e-01 5.47003e-01
8.79141e+00 6.50227e-01 6.50227e-01
9.86356e+00 4.92203e-01 4.92203e-01
1.06475e+01 3.52548e-01 3.52548e-01
1.37069e+00 1.49870e+00 3.70692e-01
2.37749e+00 1.03717e+00 3.36067e-01
2.99125e+00 1.51583e+00 4.51417e-01
3.62945e+00 1.07269e+00 2.61533e-01
4.96909e+00 6.14021e-01 6.14021e-01
5.69143e+00 1.47878e+00 5.58484e-01
7.22963e+00 1.38975e+00 4.17618e-01
8.09074e+00 1.42465e+00 4.54344e-01
9.87634e+00 1.32878e+00 4.31268e-01
1.04504e+01 8.83618e-01 2.36554e-01
1.46160e+00 2.29322e+00 4.61597e-01
2.11801e+00 1.70567e+00 4.22356e-01
3.34219e+00 2.46573e+00 5.96407e-01
4.32279e+00 1.66402e+00 6.83199e-01
6.57340e+00 2.13882e+00 6.04092e-01
7.63013e+00 2.16446e+00 4.60262e-01
8.66068e+00 1.84730e+00 2.68553e-01
9.15106e+00 1.51389e+00 3.33414e-01
1.02650e+01 1.81922e+00 2.33345e-01
1.06505e+01 1.40053e+00 3.49511e-01
1.24165e+00 2.94567e+00 2.41655e-01
2.32110e+00 2.52565e+00 4.48279e-01
2.75969e+00 3.03370e+00 2.26186e-01
4.15251e+00 2.55134e+00 2.32063e-01
4.58953e+00 2.76112e+00 2.59227e-01
5.23647e+00 2.38524e+00 4.98855e-01
7.22363e+00 3.13024e+00 6.13071e-01
8.44230e+00 2.48296e+00 4.16633e-01
9.61000e+00 2.26929e+00 5.84815e-01
1.06130e+01 2.28198e+00 3.86987e-01
1.51765e+00 3.46112e+00 3.53579e-01
2.24063e+00 3.34133e+00 3.81789e-01
2.93033e+00 3.48800e+00 2.64242e-01
3.36721e+00 3.27836e+00 2.21345e-01
4.05739e+00 3.24448e+00 4.70639e-01
4.99824e+00 3.15775e+00 3.14250e-01
5.96914e+00 3.25982e+00 6.62702e-01
8.13319e+00 3.88552e+00 5.97676e-01
9.09386e+00 3.24919e+00 5.67754e-01
1.03304e+01 3.27724e+00 6.69577e-01
