# x y radius 
#  E:5.61e+06 E_potential:5.61e+06 E_contact:1.33e+03 fx:6.23e+03 fy:7.52e+03 gravity:8.42e+05
1.82170e+00 6.03635e-01 6.03635e-01
2.60896e+00 2.58253e-01 2.58253e-01
3.36187e+00 5.52143e-01 5.52143e-01
4.36436e+00 4.61769e-01 4.61769e-01
5.33790e+00 2.78850e-01 2.78850e-01
6.30547e+00 6.46116e-01 6.46116e-01
7.49405e+00 5.47003e-01 5.47003e-01
8.68667e+00 6.50227e-01 6.50227e-01
9.81731e+00 4.92203e-01 4.92203e-01
1.06475e+01 3.52548e-01 3.52548e-01
1.37069e+00 1.45283e+00 3.70692e-01
2.07137e+00 1.50200e+00 3.36067e-01
2.84523e+00 1.38875e+00 4.51417e-01
3.94006e+00 1.14923e+00 2.61533e-01
4.97676e+00 1.31556e+00 6.14021e-01
6.04060e+00 1.79669e+00 5.58484e-01
7.05289e+00 1.39331e+00 4.17618e-01
7.92363e+00 1.43810e+00 4.54344e-01
9.50536e+00 1.34856e+00 4.31268e-01
1.01811e+01 1.14925e+00 2.36554e-01
1.46160e+00 5.89814e+00 4.61597e-01
2.34555e+00 5.89814e+00 4.22356e-01
3.36431e+00 5.89814e+00 5.96407e-01
4.64391e+00 5.89814e+00 6.83199e-01
5.93120e+00 5.89814e+00 6.04092e-01
6.99555e+00 5.89814e+00 4.60262e-01
7.72438e+00 5.89814e+00 2.68553e-01
8.50000e+00 5.89814e+00 3.33414e-01
9.50000e+00 5.89814e+00 2.33345e-01
1.05000e+01 5.89814e+00 3.49511e-01
1.24165e+00 1.06471e+01 2.41655e-01
2.00000e+00 1.06471e+01 4.48279e-01
3.00000e+00 1.06471e+01 2.26186e-01
4.00000e+00 1.06471e+01 2.32063e-01
5.00000e+00 1.06471e+01 2.59227e-01
5.93788e+00 1.06471e+01 4.98855e-01
7.04992e+00 1.06471e+01 6.13071e-01
8.07970e+00 1.06471e+01 4.16633e-01
9.08115e+00 1.06471e+01 5.84815e-01
1.00530e+01 1.06471e+01 3.86987e-01
1.50000e+00 1.54010e+01 3.53579e-01
2.50000e+00 1.54010e+01 3.81789e-01
3.50000e+00 1.54010e+01 2.64242e-01
4.21343e+00 1.54010e+01 2.21345e-01
4.90545e+00 1.54010e+01 4.70639e-01
5.69035e+00 1.54010e+01 3.14250e-01
6.66730e+00 1.54010e+01 6.62702e-01
7.92767e+00 1.54010e+01 5.97676e-01
9.09310e+00 1.54010e+01 5.67754e-01
1.03304e+01 1.54010e+01 6.69577e-01
