# x y radius 
#  E:1.66e+06 E_potential:1.60e+06 E_contact:6.43e+04 fx:1.17e+05 fy:3.02e+05 gravity:8.42e+05
1.60363e+00 6.03635e-01 6.03635e-01
2.34158e+00 2.58253e-01 2.58253e-01
3.04703e+00 5.52143e-01 5.52143e-01
4.00743e+00 4.61769e-01 4.61769e-01
5.70993e+00 2.78850e-01 2.78850e-01
6.51448e+00 6.46116e-01 6.46116e-01
7.65898e+00 5.47003e-01 5.47003e-01
8.80399e+00 6.50227e-01 6.50227e-01
9.87488e+00 4.92203e-01 4.92203e-01
1.06475e+01 3.52548e-01 3.52548e-01
1.37069e+00 1.50016e+00 3.70692e-01
2.37557e+00 1.04274e+00 3.36067e-01
2.99466e+00 1.51490e+00 4.51417e-01
3.61532e+00 1.06614e+00 2.61533e-01
4.97046e+00 6.14021e-01 6.14021e-01
5.70043e+00 1.47204e+00 5.58484e-01
7.24964e+00 1.38151e+00 4.17618e-01
8.10714e+00 1.42005e+00 4.54344e-01
9.63284e+00 1.30838e+00 4.31268e-01
1.04588e+01 8.82866e-01 2.36554e-01
1.46160e+00 2.29554e+00 4.61597e-01
2.11989e+00 1.71208e+00 4.22356e-01
3.33275e+00 2.46879e+00 5.96407e-01
4.29994e+00 1.65127e+00 6.83199e-01
6.59541e+00 2.11242e+00 6.04092e-01
7.65103e+00 2.15852e+00 4.60262e-01
8.46396e+00 2.03634e+00 2.68553e-01
8.86394e+00 1.59418e+00 3.33414e-01
1.01556e+01 1.70096e+00 2.33345e-01
1.06505e+01 1.39726e+00 3.49511e-01
1.24165e+00 2.94802e+00 2.41655e-01
2.31493e+00 2.53626e+00 4.48279e-01
2.75578e+00 3.04246e+00 2.26186e-01
4.14317e+00 2.54313e+00 2.32063e-01
4.57947e+00 2.75289e+00 2.59227e-01
5.21321e+00 2.35755e+00 4.98855e-01
7.23031e+00 3.11741e+00 6.13071e-01
8.33815e+00 2.69734e+00 4.16633e-01
9.46531e+00 2.24649e+00 5.84815e-01
1.06130e+01 2.11000e+00 3.86987e-01
1.51402e+00 3.46551e+00 3.53579e-01
2.23816e+00 3.35261e+00 3.81789e-01
2.92946e+00 3.49572e+00 2.64242e-01
3.36399e+00 3.28124e+00 2.21345e-01
4.05373e+00 3.23973e+00 4.70639e-01
4.99829e+00 3.13687e+00 3.14250e-01
5.97198e+00 3.19845e+00 6.62702e-01
8.12239e+00 3.89735e+00 5.97676e-01
9.11230e+00 3.30404e+00 5.67754e-01
1.03304e+01 3.11166e+00 6.69577e-01
