# x y radius 
#  E:1.66e+06 E_potential:1.60e+06 E_contact:6.43e+04 fx:1.17e+05 fy:3.02e+05 gravity:8.42e+05
1.60363e+00 6.03635e-01 6.03635e-01
2.34160e+00 2.58253e-01 2.58253e-01
3.04712e+00 5.52143e-01 5.52143e-01
4.00747e+00 4.61769e-01 4.61769e-01
5.70990e+00 2.78850e-01 2.78850e-01
6.51440e+00 6.46116e-01 6.46116e-01
7.65891e+00 5.47003e-01 5.47003e-01
8.80389e+00 6.50227e-01 6.50227e-01
9.87483e+00 4.92203e-01 4.92203e-01
1.06475e+01 3.52548e-01 3.52548e-01
1.37069e+00 1.50008e+00 3.70692e-01
2.37563e+00 1.04271e+00 3.36067e-01
2.99457e+00 1.51487e+00 4.51417e-01
3.61544e+00 1.06617e+00 2.61533e-01
4.97055e+00 6.14021e-01 6.14021e-01
5.70039e+00 1.47206e+00 5.58484e-01
7.24954e+00 1.38163e+00 4.17618e-01
8.10695e+00 1.42001e+00 4.54344e-01
9.63267e+00 1.30845e+00 4.31268e-01
1.04587e+01 8.82758e-01 2.36554e-01
1.46160e+00 2.29555e+00 4.61597e-01
2.11991e+00 1.71195e+00 4.22356e-01
3.33292e+00 2.46877e+00 5.96407e-01
4.30010e+00 1.65136e+00 6.83199e-01
6.59545e+00 2.11265e+00 6.04092e-01
7.65099e+00 2.15857e+00 4.60262e-01
8.46378e+00 2.03636e+00 2.68553e-01
8.86376e+00 1.59409e+00 3.33414e-01
1.01556e+01 1.70071e+00 2.33345e-01
1.06505e+01 1.39702e+00 3.49511e-01
1.24165e+00 2.94797e+00 2.41655e-01
2.31492e+00 2.53609e+00 4.48279e-01
2.75585e+00 3.04237e+00 2.26186e-01
4.14321e+00 2.54318e+00 2.32063e-01
4.57966e+00 2.75300e+00 2.59227e-01
5.21330e+00 2.35774e+00 4.98855e-01
7.23034e+00 3.11755e+00 6.13071e-01
8.33839e+00 2.69738e+00 4.16633e-01
9.46480e+00 2.24658e+00 5.84815e-01
1.06130e+01 2.10967e+00 3.86987e-01
1.51406e+00 3.46547e+00 3.53579e-01
2.23808e+00 3.35243e+00 3.81789e-01
2.92939e+00 3.49561e+00 2.64242e-01
3.36407e+00 3.28121e+00 2.21345e-01
4.05373e+00 3.23978e+00 4.70639e-01
4.99836e+00 3.13704e+00 3.14250e-01
5.97210e+00 3.19877e+00 6.62702e-01
8.12249e+00 3.89762e+00 5.97676e-01
9.11232e+00 3.30435e+00 5.67754e-01
1.03304e+01 3.11122e+00 6.69577e-01
