# x y radius 
#  E:1.67e+06 E_potential:1.60e+06 E_contact:6.46e+04 fx:1.16e+05 fy:2.99e+05 gravity:8.42e+05
1.60363e+00 6.03635e-01 6.03635e-01
2.34296e+00 2.58253e-01 2.58253e-01
3.04958e+00 5.52143e-01 5.52143e-01
4.00922e+00 4.61769e-01 4.61769e-01
5.70706e+00 2.78850e-01 2.78850e-01
6.51025e+00 6.46116e-01 6.46116e-01
7.65376e+00 5.47003e-01 5.47003e-01
8.79768e+00 6.50227e-01 6.50227e-01
9.86705e+00 4.92203e-01 4.92203e-01
1.06475e+01 3.52548e-01 3.52548e-01
1.37069e+00 1.49902e+00 3.70692e-01
2.37666e+00 1.03948e+00 3.36067e-01
2.99259e+00 1.51556e+00 4.51417e-01
3.62121e+00 1.06869e+00 2.61533e-01
4.97035e+00 6.14021e-01 6.14021e-01
5.69722e+00 1.47501e+00 5.58484e-01
7.24343e+00 1.38459e+00 4.17618e-01
8.10316e+00 1.42412e+00 4.54344e-01
9.87482e+00 1.32967e+00 4.31268e-01
1.04542e+01 8.85684e-01 2.36554e-01
1.46160e+00 2.29371e+00 4.61597e-01
2.11869e+00 1.70782e+00 4.22356e-01
3.33723e+00 2.46773e+00 5.96407e-01
4.30904e+00 1.65610e+00 6.83199e-01
6.58729e+00 2.12286e+00 6.04092e-01
7.64243e+00 2.16089e+00 4.60262e-01
8.66532e+00 1.85689e+00 2.68553e-01
9.14946e+00 1.51499e+00 3.33414e-01
1.02600e+01 1.82061e+00 2.33345e-01
1.06505e+01 1.40537e+00 3.49511e-01
1.24165e+00 2.94602e+00 2.41655e-01
2.31802e+00 2.52926e+00 4.48279e-01
2.75637e+00 3.03749e+00 2.26186e-01
4.14798e+00 2.54698e+00 2.32063e-01
4.58397e+00 2.75836e+00 2.59227e-01
5.22171e+00 2.36852e+00 4.98855e-01
7.23097e+00 3.12341e+00 6.13071e-01
8.44753e+00 2.49190e+00 4.16633e-01
9.60444e+00 2.27106e+00 5.84815e-01
1.06130e+01 2.27822e+00 3.86987e-01
1.51378e+00 3.46340e+00 3.53579e-01
2.23695e+00 3.34464e+00 3.81789e-01
2.92865e+00 3.49110e+00 2.64242e-01
3.36494e+00 3.28025e+00 2.21345e-01
4.05488e+00 3.24253e+00 4.70639e-01
5.00024e+00 3.14615e+00 3.14250e-01
5.97339e+00 3.21937e+00 6.62702e-01
8.12543e+00 3.90170e+00 5.97676e-01
9.07572e+00 3.24707e+00 5.67754e-01
1.03304e+01 3.27295e+00 6.69577e-01
