# x y radius 
#  E:3.66e+06 E_potential:3.64e+06 E_contact:1.75e+04 fx:4.51e+04 fy:2.95e+04 gravity:8.42e+05
1.60363e+00 6.03635e-01 6.03635e-01
2.35908e+00 2.58253e-01 2.58253e-01
3.08132e+00 5.52143e-01 5.52143e-01
4.05921e+00 4.61769e-01 4.61769e-01
5.61116e+00 2.78850e-01 2.78850e-01
6.42911e+00 6.46116e-01 6.46116e-01
7.59040e+00 5.47003e-01 5.47003e-01
8.75893e+00 6.50227e-01 6.50227e-01
9.85377e+00 4.92203e-01 4.92203e-01
1.06475e+01 3.52548e-01 3.52548e-01
1.37069e+00 1.52127e+00 3.70692e-01
2.38374e+00 1.08771e+00 3.36067e-01
3.03547e+00 1.51742e+00 4.51417e-01
3.69519e+00 1.08191e+00 2.61533e-01
4.99612e+00 8.26593e-01 6.14021e-01
5.81003e+00 1.65025e+00 5.58484e-01
7.15662e+00 1.40314e+00 4.17618e-01
8.02457e+00 1.42620e+00 4.54344e-01
9.57882e+00 1.35278e+00 4.31268e-01
1.04528e+01 9.04510e-01 2.36554e-01
1.48375e+00 2.32981e+00 4.61597e-01
2.24122e+00 1.87632e+00 4.22356e-01
3.43370e+00 2.45428e+00 5.96407e-01
4.64086e+00 2.04982e+00 6.83199e-01
6.55512e+00 2.51568e+00 6.04092e-01
7.55884e+00 2.18350e+00 4.60262e-01
8.44662e+00 2.00259e+00 2.68553e-01
9.03280e+00 1.87744e+00 3.33414e-01
1.00227e+01 1.84708e+00 2.33345e-01
1.06056e+01 1.79839e+00 3.49511e-01
1.24165e+00 6.54618e+00 2.41655e-01
2.00000e+00 6.54618e+00 4.48279e-01
3.00000e+00 6.54618e+00 2.26186e-01
4.00000e+00 6.54618e+00 2.32063e-01
5.00000e+00 6.54618e+00 2.59227e-01
5.93788e+00 6.54618e+00 4.98855e-01
7.04992e+00 6.54618e+00 6.13071e-01
8.07970e+00 6.54618e+00 4.16633e-01
9.08115e+00 6.54618e+00 5.84815e-01
1.00530e+01 6.54618e+00 3.86987e-01
1.50000e+00 1.12993e+01 3.53579e-01
2.50000e+00 1.12993e+01 3.81789e-01
3.50000e+00 1.12993e+01 2.64242e-01
4.21343e+00 1.12993e+01 2.21345e-01
4.90543e+00 1.12993e+01 4.70639e-01
5.69033e+00 1.12993e+01 3.14250e-01
6.66729e+00 1.12993e+01 6.62702e-01
7.92766e+00 1.12993e+01 5.97676e-01
9.09309e+00 1.12993e+01 5.67754e-01
1.03304e+01 1.12993e+01 6.69577e-01
