# x y radius 
#  E:1.66e+06 E_potential:1.60e+06 E_contact:6.43e+04 fx:1.17e+05 fy:3.02e+05 gravity:8.42e+05
1.60363e+00 6.03635e-01 6.03635e-01
2.34170e+00 2.58253e-01 2.58253e-01
3.04702e+00 5.52143e-01 5.52143e-01
4.00757e+00 4.61769e-01 4.61769e-01
5.70990e+00 2.78850e-01 2.78850e-01
6.51446e+00 6.46116e-01 6.46116e-01
7.65885e+00 5.47003e-01 5.47003e-01
8.80393e+00 6.50227e-01 6.50227e-01
9.87479e+00 4.92203e-01 4.92203e-01
1.06475e+01 3.52548e-01 3.52548e-01
1.37069e+00 1.50016e+00 3.70692e-01
2.37561e+00 1.04264e+00 3.36067e-01
2.99461e+00 1.51492e+00 4.51417e-01
3.61551e+00 1.06625e+00 2.61533e-01
4.97042e+00 6.14021e-01 6.14021e-01
5.70052e+00 1.47222e+00 5.58484e-01
7.24942e+00 1.38149e+00 4.17618e-01
8.10708e+00 1.42009e+00 4.54344e-01
9.63266e+00 1.30843e+00 4.31268e-01
1.04587e+01 8.82790e-01 2.36554e-01
1.46160e+00 2.29547e+00 4.61597e-01
2.11982e+00 1.71200e+00 4.22356e-01
3.33284e+00 2.46876e+00 5.96407e-01
4.30009e+00 1.65132e+00 6.83199e-01
6.59529e+00 2.11260e+00 6.04092e-01
7.65114e+00 2.15869e+00 4.60262e-01
8.46382e+00 2.03623e+00 2.68553e-01
8.86369e+00 1.59419e+00 3.33414e-01
1.01556e+01 1.70071e+00 2.33345e-01
1.06505e+01 1.39701e+00 3.49511e-01
1.24165e+00 2.94798e+00 2.41655e-01
2.31502e+00 2.53610e+00 4.48279e-01
2.75577e+00 3.04234e+00 2.26186e-01
4.14333e+00 2.54321e+00 2.32063e-01
4.57950e+00 2.75301e+00 2.59227e-01
5.21346e+00 2.35774e+00 4.98855e-01
7.23053e+00 3.11756e+00 6.13071e-01
8.33821e+00 2.69738e+00 4.16633e-01
9.46478e+00 2.24658e+00 5.84815e-01
1.06130e+01 2.10967e+00 3.86987e-01
1.51400e+00 3.46547e+00 3.53579e-01
2.23814e+00 3.35243e+00 3.81789e-01
2.92948e+00 3.49561e+00 2.64242e-01
3.36398e+00 3.28121e+00 2.21345e-01
4.05379e+00 3.23978e+00 4.70639e-01
4.99840e+00 3.13704e+00 3.14250e-01
5.97202e+00 3.19877e+00 6.62702e-01
8.12235e+00 3.89762e+00 5.97676e-01
9.11248e+00 3.30435e+00 5.67754e-01
1.03304e+01 3.11121e+00 6.69577e-01
