# x y radius 
#  E:2.55e+06 E_potential:2.52e+06 E_contact:3.55e+04 fx:7.00e+04 fy:5.33e+04 gravity:8.42e+05
1.60363e+00 6.03635e-01 6.03635e-01
2.34055e+00 2.58253e-01 2.58253e-01
3.04497e+00 5.52143e-01 5.52143e-01
4.00619e+00 4.61769e-01 4.61769e-01
5.69501e+00 2.78850e-01 2.78850e-01
6.49231e+00 6.46116e-01 6.46116e-01
7.64248e+00 5.47003e-01 5.47003e-01
8.79417e+00 6.50227e-01 6.50227e-01
9.86935e+00 4.92203e-01 4.92203e-01
1.06475e+01 3.52548e-01 3.52548e-01
1.37069e+00 1.52520e+00 3.70692e-01
2.37436e+00 1.08887e+00 3.36067e-01
3.02655e+00 1.52173e+00 4.51417e-01
3.63913e+00 1.08011e+00 2.61533e-01
4.97021e+00 6.14021e-01 6.14021e-01
5.67122e+00 1.52078e+00 5.58484e-01
7.22507e+00 1.39359e+00 4.17618e-01
8.08820e+00 1.43198e+00 4.54344e-01
9.60137e+00 1.36041e+00 4.31268e-01
1.04621e+01 8.99541e-01 2.36554e-01
1.46160e+00 2.34030e+00 4.61597e-01
2.14979e+00 1.79189e+00 4.22356e-01
3.33727e+00 2.49745e+00 5.96407e-01
4.33140e+00 1.69926e+00 6.83199e-01
6.59289e+00 2.16973e+00 6.04092e-01
7.65134e+00 2.19856e+00 4.60262e-01
8.46237e+00 2.04567e+00 2.68553e-01
8.88547e+00 1.61964e+00 3.33414e-01
1.01475e+01 1.73172e+00 2.33345e-01
1.06505e+01 1.44123e+00 3.49511e-01
1.24165e+00 3.14642e+00 2.41655e-01
2.00000e+00 3.14642e+00 4.48279e-01
2.83231e+00 3.14687e+00 2.26186e-01
4.00000e+00 3.14642e+00 2.32063e-01
5.00000e+00 3.14642e+00 2.59227e-01
5.92992e+00 3.14642e+00 4.98855e-01
7.25348e+00 3.18133e+00 6.13071e-01
8.28324e+00 3.14632e+00 4.16633e-01
9.28515e+00 3.14642e+00 5.84815e-01
1.02573e+01 3.14642e+00 3.86987e-01
1.50000e+00 7.89797e+00 3.53579e-01
2.50000e+00 7.89797e+00 3.81789e-01
3.50000e+00 7.89797e+00 2.64242e-01
4.21343e+00 7.89797e+00 2.21345e-01
4.90543e+00 7.89797e+00 4.70639e-01
5.69033e+00 7.89797e+00 3.14250e-01
6.66728e+00 7.89797e+00 6.62702e-01
7.92766e+00 7.89797e+00 5.97676e-01
9.09309e+00 7.89797e+00 5.67754e-01
1.03304e+01 7.89797e+00 6.69577e-01
