# x y radius 
#  E:2.27e+06 E_potential:2.22e+06 E_contact:4.31e+04 fx:8.50e+04 fy:9.71e+04 gravity:8.42e+05
1.60363e+00 6.03635e-01 6.03635e-01
2.34495e+00 2.58253e-01 2.58253e-01
3.05359e+00 5.52143e-01 5.52143e-01
4.01217e+00 4.61769e-01 4.61769e-01
5.69536e+00 2.78850e-01 2.78850e-01
6.49249e+00 6.46116e-01 6.46116e-01
7.63836e+00 5.47003e-01 5.47003e-01
8.78968e+00 6.50227e-01 6.50227e-01
9.86540e+00 4.92203e-01 4.92203e-01
1.06475e+01 3.52548e-01 3.52548e-01
1.37069e+00 1.51407e+00 3.70692e-01
2.38138e+00 1.06100e+00 3.36067e-01
3.01109e+00 1.52522e+00 4.51417e-01
3.64497e+00 1.08039e+00 2.61533e-01
4.97097e+00 6.14021e-01 6.14021e-01
5.67710e+00 1.50425e+00 5.58484e-01
7.21575e+00 1.39699e+00 4.17618e-01
8.07855e+00 1.42111e+00 4.54344e-01
9.88928e+00 1.36739e+00 4.31268e-01
1.04583e+01 8.97408e-01 2.36554e-01
1.46160e+00 2.32180e+00 4.61597e-01
2.12013e+00 1.73744e+00 4.22356e-01
3.36117e+00 2.49099e+00 5.96407e-01
4.34498e+00 1.68798e+00 6.83199e-01
6.57465e+00 2.17083e+00 6.04092e-01
7.63009e+00 2.16887e+00 4.60262e-01
8.65442e+00 1.83314e+00 2.68553e-01
9.16356e+00 1.52977e+00 3.33414e-01
1.02818e+01 1.88360e+00 2.33345e-01
1.06505e+01 1.43624e+00 3.49511e-01
1.24165e+00 2.98459e+00 2.41655e-01
2.32926e+00 2.56637e+00 4.48279e-01
2.77836e+00 3.06761e+00 2.26186e-01
4.18036e+00 2.58444e+00 2.32063e-01
4.66971e+00 2.56690e+00 2.59227e-01
5.42299e+00 2.50899e+00 4.98855e-01
7.26697e+00 3.15652e+00 6.13071e-01
8.44806e+00 2.47286e+00 4.16633e-01
9.59568e+00 2.32464e+00 5.84815e-01
1.06130e+01 2.39110e+00 3.86987e-01
1.50000e+00 6.69806e+00 3.53579e-01
2.50000e+00 6.69806e+00 3.81789e-01
3.50000e+00 6.69806e+00 2.64242e-01
4.21343e+00 6.69806e+00 2.21345e-01
4.90543e+00 6.69806e+00 4.70639e-01
5.69033e+00 6.69806e+00 3.14250e-01
6.66728e+00 6.69806e+00 6.62702e-01
7.92766e+00 6.69806e+00 5.97676e-01
9.09309e+00 6.69806e+00 5.67754e-01
1.03304e+01 6.69806e+00 6.69577e-01
