# x y radius 
#  E:1.83e+06 E_potential:1.79e+06 E_contact:4.31e+04 fx:8.50e+04 fy:1.55e+05 gravity:8.42e+05
1.60363e+00 6.03635e-01 6.03635e-01
2.34485e+00 2.58253e-01 2.58253e-01
3.05365e+00 5.52143e-01 5.52143e-01
4.01206e+00 4.61769e-01 4.61769e-01
5.69522e+00 2.78850e-01 2.78850e-01
6.49249e+00 6.46116e-01 6.46116e-01
7.63823e+00 5.47003e-01 5.47003e-01
8.78968e+00 6.50227e-01 6.50227e-01
9.86532e+00 4.92203e-01 4.92203e-01
1.06475e+01 3.52548e-01 3.52548e-01
1.37069e+00 1.51406e+00 3.70692e-01
2.38133e+00 1.06102e+00 3.36067e-01
3.01113e+00 1.52525e+00 4.51417e-01
3.64488e+00 1.08032e+00 2.61533e-01
4.97101e+00 6.14021e-01 6.14021e-01
5.67696e+00 1.50421e+00 5.58484e-01
7.21560e+00 1.39697e+00 4.17618e-01
8.07849e+00 1.42113e+00 4.54344e-01
9.88929e+00 1.36731e+00 4.31268e-01
1.04584e+01 8.97452e-01 2.36554e-01
1.46160e+00 2.32182e+00 4.61597e-01
2.12015e+00 1.73746e+00 4.22356e-01
3.36113e+00 2.49100e+00 5.96407e-01
4.34500e+00 1.68799e+00 6.83199e-01
6.57460e+00 2.17086e+00 6.04092e-01
7.62999e+00 2.16886e+00 4.60262e-01
8.65440e+00 1.83287e+00 2.68553e-01
9.16373e+00 1.52966e+00 3.33414e-01
1.02819e+01 1.88363e+00 2.33345e-01
1.06505e+01 1.43624e+00 3.49511e-01
1.24165e+00 2.98460e+00 2.41655e-01
2.32927e+00 2.56640e+00 4.48279e-01
2.77836e+00 3.06764e+00 2.26186e-01
4.18037e+00 2.58445e+00 2.32063e-01
4.66969e+00 2.56690e+00 2.59227e-01
5.42299e+00 2.50904e+00 4.98855e-01
7.26692e+00 3.15652e+00 6.13071e-01
8.44810e+00 2.47253e+00 4.16633e-01
9.59565e+00 2.32460e+00 5.84815e-01
1.06130e+01 2.39116e+00 3.86987e-01
1.50000e+00 4.29823e+00 3.53579e-01
2.50000e+00 4.29823e+00 3.81789e-01
3.50000e+00 4.29823e+00 2.64242e-01
4.21343e+00 4.29823e+00 2.21345e-01
4.90543e+00 4.29823e+00 4.70639e-01
5.69033e+00 4.29823e+00 3.14250e-01
6.66728e+00 4.29823e+00 6.62702e-01
7.92766e+00 4.29823e+00 5.97676e-01
9.09309e+00 4.29823e+00 5.67754e-01
1.03304e+01 4.29823e+00 6.69577e-01
