# x y radius 
#  E:1.68e+06 E_potential:1.63e+06 E_contact:5.19e+04 fx:1.02e+05 fy:2.24e+05 gravity:8.42e+05
1.60363e+00 6.03635e-01 6.03635e-01
2.34338e+00 2.58253e-01 2.58253e-01
3.05032e+00 5.52143e-01 5.52143e-01
4.00333e+00 4.61769e-01 4.61769e-01
5.68788e+00 2.78850e-01 2.78850e-01
6.49123e+00 6.46116e-01 6.46116e-01
7.64033e+00 5.47003e-01 5.47003e-01
8.78945e+00 6.50227e-01 6.50227e-01
9.86408e+00 4.92203e-01 4.92203e-01
1.06475e+01 3.52548e-01 3.52548e-01
1.37069e+00 1.50539e+00 3.70692e-01
2.37782e+00 1.05267e+00 3.36067e-01
3.00348e+00 1.51870e+00 4.51417e-01
3.64491e+00 1.08543e+00 2.61533e-01
4.95031e+00 6.14021e-01 6.14021e-01
5.66200e+00 1.48046e+00 5.58484e-01
7.22547e+00 1.38457e+00 4.17618e-01
8.08485e+00 1.42829e+00 4.54344e-01
9.89356e+00 1.35927e+00 4.31268e-01
1.04546e+01 8.91334e-01 2.36554e-01
1.46160e+00 2.30372e+00 4.61597e-01
2.12442e+00 1.72833e+00 4.22356e-01
3.34210e+00 2.47872e+00 5.96407e-01
4.34510e+00 1.70122e+00 6.83199e-01
6.55488e+00 2.11214e+00 6.04092e-01
7.61075e+00 2.16844e+00 4.60262e-01
8.66408e+00 1.83751e+00 2.68553e-01
9.16808e+00 1.52598e+00 3.33414e-01
1.02949e+01 1.87270e+00 2.33345e-01
1.06505e+01 1.42085e+00 3.49511e-01
1.24165e+00 2.95518e+00 2.41655e-01
2.31632e+00 2.56277e+00 4.48279e-01
2.77304e+00 3.05522e+00 2.26186e-01
4.14492e+00 2.59215e+00 2.32063e-01
4.62760e+00 2.59823e+00 2.59227e-01
5.36317e+00 2.45658e+00 4.98855e-01
7.16023e+00 3.12304e+00 6.13071e-01
8.42980e+00 2.46791e+00 4.16633e-01
9.61629e+00 2.31005e+00 5.84815e-01
1.06130e+01 2.38876e+00 3.86987e-01
1.56458e+00 3.44044e+00 3.53579e-01
2.29616e+00 3.41801e+00 3.81789e-01
3.01010e+00 3.47973e+00 2.64242e-01
3.48707e+00 3.39419e+00 2.21345e-01
4.17807e+00 3.39832e+00 4.70639e-01
4.96203e+00 3.39640e+00 3.14250e-01
5.93659e+00 3.45036e+00 6.62702e-01
8.08440e+00 3.86243e+00 5.97676e-01
9.10221e+00 3.31972e+00 5.67754e-01
1.03304e+01 3.40468e+00 6.69577e-01
