# x y radius 
#  E:1.79e+06 E_potential:1.75e+06 E_contact:4.45e+04 fx:8.82e+04 fy:1.71e+05 gravity:8.42e+05
1.60363e+00 6.03635e-01 6.03635e-01
2.34330e+00 2.58253e-01 2.58253e-01
3.05028e+00 5.52143e-01 5.52143e-01
4.00727e+00 4.61769e-01 4.61769e-01
5.68983e+00 2.78850e-01 2.78850e-01
6.48826e+00 6.46116e-01 6.46116e-01
7.63682e+00 5.47003e-01 5.47003e-01
8.78879e+00 6.50227e-01 6.50227e-01
9.86496e+00 4.92203e-01 4.92203e-01
1.06475e+01 3.52548e-01 3.52548e-01
1.37069e+00 1.51467e+00 3.70692e-01
2.38044e+00 1.06328e+00 3.36067e-01
3.01187e+00 1.52562e+00 4.51417e-01
3.64159e+00 1.08133e+00 2.61533e-01
4.96266e+00 6.14021e-01 6.14021e-01
5.66478e+00 1.50146e+00 5.58484e-01
7.21729e+00 1.39041e+00 4.17618e-01
8.07947e+00 1.42172e+00 4.54344e-01
9.88927e+00 1.36731e+00 4.31268e-01
1.04579e+01 8.97318e-01 2.36554e-01
1.46160e+00 2.32277e+00 4.61597e-01
2.12038e+00 1.73944e+00 4.22356e-01
3.35898e+00 2.49313e+00 5.96407e-01
4.34168e+00 1.68958e+00 6.83199e-01
6.56583e+00 2.14732e+00 6.04092e-01
7.62222e+00 2.16449e+00 4.60262e-01
8.65527e+00 1.83455e+00 2.68553e-01
9.16340e+00 1.52949e+00 3.33414e-01
1.02818e+01 1.88349e+00 2.33345e-01
1.06505e+01 1.43608e+00 3.49511e-01
1.24165e+00 2.98556e+00 2.41655e-01
2.32786e+00 2.56899e+00 4.48279e-01
2.77680e+00 3.07036e+00 2.26186e-01
4.17848e+00 2.58621e+00 2.32063e-01
4.66794e+00 2.56789e+00 2.59227e-01
5.42126e+00 2.50889e+00 4.98855e-01
7.23035e+00 3.13882e+00 6.13071e-01
8.43900e+00 2.47111e+00 4.16633e-01
9.59553e+00 2.32446e+00 5.84815e-01
1.06130e+01 2.39099e+00 3.86987e-01
1.50000e+00 4.09825e+00 3.53579e-01
2.50000e+00 4.09825e+00 3.81789e-01
3.46955e+00 4.09825e+00 2.64242e-01
3.95597e+00 4.09825e+00 2.21345e-01
4.64762e+00 4.09825e+00 4.70639e-01
5.43173e+00 4.09808e+00 3.14250e-01
6.40781e+00 4.10981e+00 6.62702e-01
7.93429e+00 4.11015e+00 5.97676e-01
9.09640e+00 4.09821e+00 5.67754e-01
1.03304e+01 4.09825e+00 6.69577e-01
