# x y radius 
#  E:3.62e+06 E_potential:3.60e+06 E_contact:2.11e+04 fx:5.11e+04 fy:3.00e+04 gravity:8.42e+05
1.60363e+00 6.03635e-01 6.03635e-01
2.35827e+00 2.58253e-01 2.58253e-01
3.07971e+00 5.52143e-01 5.52143e-01
4.05160e+00 4.61769e-01 4.61769e-01
5.63190e+00 2.78850e-01 2.78850e-01
6.44337e+00 6.46116e-01 6.46116e-01
7.60044e+00 5.47003e-01 5.47003e-01
8.76441e+00 6.50227e-01 6.50227e-01
9.85627e+00 4.92203e-01 4.92203e-01
1.06475e+01 3.52548e-01 3.52548e-01
1.37069e+00 1.52149e+00 3.70692e-01
2.38424e+00 1.06927e+00 3.36067e-01
3.01972e+00 1.52153e+00 4.51417e-01
3.69158e+00 1.08426e+00 2.61533e-01
4.99266e+00 7.81841e-01 6.14021e-01
5.78055e+00 1.62780e+00 5.58484e-01
7.16833e+00 1.40471e+00 4.17618e-01
8.03594e+00 1.42835e+00 4.54344e-01
9.57485e+00 1.35415e+00 4.31268e-01
1.04548e+01 9.05227e-01 2.36554e-01
1.48575e+00 2.32994e+00 4.61597e-01
2.18205e+00 1.78835e+00 4.22356e-01
3.41346e+00 2.46385e+00 5.96407e-01
4.59676e+00 1.99184e+00 6.83199e-01
6.55852e+00 2.46301e+00 6.04092e-01
7.57984e+00 2.19029e+00 4.60262e-01
8.40970e+00 2.03962e+00 2.68553e-01
8.96134e+00 1.80328e+00 3.33414e-01
1.00761e+01 1.78180e+00 2.33345e-01
1.06505e+01 1.69675e+00 3.49511e-01
1.24165e+00 6.44618e+00 2.41655e-01
2.00000e+00 6.44618e+00 4.48279e-01
3.00000e+00 6.44618e+00 2.26186e-01
4.00000e+00 6.44618e+00 2.32063e-01
5.00000e+00 6.44618e+00 2.59227e-01
5.93788e+00 6.44618e+00 4.98855e-01
7.04992e+00 6.44618e+00 6.13071e-01
8.07970e+00 6.44618e+00 4.16633e-01
9.08115e+00 6.44618e+00 5.84815e-01
1.00530e+01 6.44618e+00 3.86987e-01
1.50000e+00 1.11993e+01 3.53579e-01
2.50000e+00 1.11993e+01 3.81789e-01
3.50000e+00 1.11993e+01 2.64242e-01
4.21343e+00 1.11993e+01 2.21345e-01
4.90543e+00 1.11993e+01 4.70639e-01
5.69033e+00 1.11993e+01 3.14250e-01
6.66729e+00 1.11993e+01 6.62702e-01
7.92766e+00 1.11993e+01 5.97676e-01
9.09309e+00 1.11993e+01 5.67754e-01
1.03304e+01 1.11993e+01 6.69577e-01
