# x y radius 
#  E:1.71e+06 E_potential:1.66e+06 E_contact:4.81e+04 fx:9.29e+04 fy:1.83e+05 gravity:8.42e+05
1.60363e+00 6.03635e-01 6.03635e-01
2.33885e+00 2.58253e-01 2.58253e-01
3.04163e+00 5.52143e-01 5.52143e-01
3.99444e+00 4.61769e-01 4.61769e-01
5.67466e+00 2.78850e-01 2.78850e-01
6.47616e+00 6.46116e-01 6.46116e-01
7.62990e+00 5.47003e-01 5.47003e-01
8.78254e+00 6.50227e-01 6.50227e-01
9.86173e+00 4.92203e-01 4.92203e-01
1.06475e+01 3.52548e-01 3.52548e-01
1.37069e+00 1.51657e+00 3.70692e-01
2.37778e+00 1.06986e+00 3.36067e-01
3.01412e+00 1.52658e+00 4.51417e-01
3.63267e+00 1.08358e+00 2.61533e-01
4.94151e+00 6.14021e-01 6.14021e-01
5.63227e+00 1.49583e+00 5.58484e-01
7.21700e+00 1.38170e+00 4.17618e-01
8.07502e+00 1.43187e+00 4.54344e-01
9.89064e+00 1.36643e+00 4.31268e-01
1.04554e+01 8.96764e-01 2.36554e-01
1.46160e+00 2.32587e+00 4.61597e-01
2.12138e+00 1.74586e+00 4.22356e-01
3.35274e+00 2.49876e+00 5.96407e-01
4.33283e+00 1.69381e+00 6.83199e-01
6.53859e+00 2.09409e+00 6.04092e-01
7.59182e+00 2.17458e+00 4.60262e-01
8.65898e+00 1.83338e+00 2.68553e-01
9.16521e+00 1.52571e+00 3.33414e-01
1.02824e+01 1.88313e+00 2.33345e-01
1.06505e+01 1.43499e+00 3.49511e-01
1.24165e+00 2.98866e+00 2.41655e-01
2.32378e+00 2.57781e+00 4.48279e-01
2.77326e+00 3.07873e+00 2.26186e-01
4.17295e+00 2.59102e+00 2.32063e-01
4.66261e+00 2.57081e+00 2.59227e-01
5.41606e+00 2.50964e+00 4.98855e-01
7.10368e+00 3.12121e+00 6.13071e-01
8.41568e+00 2.45985e+00 4.16633e-01
9.59460e+00 2.32239e+00 5.84815e-01
1.06130e+01 2.39100e+00 3.86987e-01
1.50000e+00 3.59828e+00 3.53579e-01
2.34310e+00 3.59828e+00 3.81789e-01
2.99102e+00 3.59828e+00 2.64242e-01
3.47663e+00 3.59828e+00 2.21345e-01
4.16855e+00 3.59828e+00 4.70639e-01
4.95314e+00 3.59705e+00 3.14250e-01
5.92956e+00 3.61841e+00 6.62702e-01
7.99835e+00 3.90008e+00 5.97676e-01
9.10300e+00 3.56019e+00 5.67754e-01
1.03304e+01 3.60016e+00 6.69577e-01
