# x y radius 
#  E:5.21e+06 E_potential:5.21e+06 E_contact:1.25e+03 fx:7.60e+03 fy:8.28e+03 gravity:8.42e+05
1.60363e+00 6.03635e-01 6.03635e-01
2.39237e+00 2.58253e-01 2.58253e-01
3.14607e+00 5.52143e-01 5.52143e-01
4.15376e+00 4.61769e-01 4.61769e-01
5.48167e+00 2.78850e-01 2.78850e-01
6.32464e+00 6.46116e-01 6.46116e-01
7.50856e+00 5.47003e-01 5.47003e-01
8.69652e+00 6.50227e-01 6.50227e-01
9.82184e+00 4.92203e-01 4.92203e-01
1.06475e+01 3.52548e-01 3.52548e-01
1.37069e+00 1.53767e+00 3.70692e-01
2.06507e+00 1.41055e+00 3.36067e-01
2.84557e+00 1.48896e+00 4.51417e-01
3.77002e+00 1.06986e+00 2.61533e-01
5.05213e+00 1.03832e+00 6.14021e-01
5.96420e+00 1.77358e+00 5.58484e-01
7.06791e+00 1.39499e+00 4.17618e-01
7.93775e+00 1.43987e+00 4.54344e-01
9.51402e+00 1.35000e+00 4.31268e-01
1.04272e+01 8.94819e-01 2.36554e-01
1.46160e+00 5.09820e+00 4.61597e-01
2.34555e+00 5.09820e+00 4.22356e-01
3.36431e+00 5.09820e+00 5.96407e-01
4.64392e+00 5.09820e+00 6.83199e-01
5.93121e+00 5.09820e+00 6.04092e-01
6.99556e+00 5.09820e+00 4.60262e-01
7.72438e+00 5.09820e+00 2.68553e-01
8.50000e+00 5.09820e+00 3.33414e-01
9.50000e+00 5.09820e+00 2.33345e-01
1.05000e+01 5.09820e+00 3.49511e-01
1.24165e+00 9.84682e+00 2.41655e-01
2.00000e+00 9.84682e+00 4.48279e-01
3.00000e+00 9.84682e+00 2.26186e-01
4.00000e+00 9.84682e+00 2.32063e-01
5.00000e+00 9.84682e+00 2.59227e-01
5.93788e+00 9.84682e+00 4.98855e-01
7.04992e+00 9.84682e+00 6.13071e-01
8.07970e+00 9.84682e+00 4.16633e-01
9.08115e+00 9.84682e+00 5.84815e-01
1.00530e+01 9.84682e+00 3.86987e-01
1.50000e+00 1.46006e+01 3.53579e-01
2.50000e+00 1.46006e+01 3.81789e-01
3.50000e+00 1.46006e+01 2.64242e-01
4.21343e+00 1.46006e+01 2.21345e-01
4.90544e+00 1.46006e+01 4.70639e-01
5.69034e+00 1.46006e+01 3.14250e-01
6.66729e+00 1.46006e+01 6.62702e-01
7.92767e+00 1.46006e+01 5.97676e-01
9.09310e+00 1.46006e+01 5.67754e-01
1.03304e+01 1.46006e+01 6.69577e-01
