# x y radius 
#  E:1.69e+06 E_potential:1.65e+06 E_contact:4.88e+04 fx:9.66e+04 fy:1.93e+05 gravity:8.42e+05
1.60363e+00 6.03635e-01 6.03635e-01
2.33959e+00 2.58253e-01 2.58253e-01
3.04306e+00 5.52143e-01 5.52143e-01
3.99569e+00 4.61769e-01 4.61769e-01
5.67802e+00 2.78850e-01 2.78850e-01
6.48074e+00 6.46116e-01 6.46116e-01
7.63325e+00 5.47003e-01 5.47003e-01
8.78509e+00 6.50227e-01 6.50227e-01
9.86303e+00 4.92203e-01 4.92203e-01
1.06475e+01 3.52548e-01 3.52548e-01
1.37069e+00 1.51431e+00 3.70692e-01
2.37769e+00 1.06572e+00 3.36067e-01
3.01173e+00 1.52452e+00 4.51417e-01
3.63437e+00 1.08380e+00 2.61533e-01
4.94239e+00 6.14021e-01 6.14021e-01
5.64111e+00 1.48932e+00 5.58484e-01
7.21955e+00 1.38205e+00 4.17618e-01
8.07806e+00 1.43043e+00 4.54344e-01
9.89071e+00 1.36665e+00 4.31268e-01
1.04565e+01 8.97018e-01 2.36554e-01
1.46160e+00 2.32179e+00 4.61597e-01
2.12092e+00 1.74070e+00 4.22356e-01
3.34634e+00 2.49496e+00 5.96407e-01
4.33282e+00 1.69644e+00 6.83199e-01
6.54297e+00 2.09842e+00 6.04092e-01
7.59719e+00 2.17182e+00 4.60262e-01
8.65985e+00 1.83476e+00 2.68553e-01
9.16550e+00 1.52638e+00 3.33414e-01
1.02823e+01 1.88346e+00 2.33345e-01
1.06505e+01 1.43547e+00 3.49511e-01
1.24165e+00 2.98461e+00 2.41655e-01
2.31947e+00 2.57191e+00 4.48279e-01
2.76614e+00 3.07267e+00 2.26186e-01
4.16064e+00 2.59222e+00 2.32063e-01
4.64787e+00 2.57936e+00 2.59227e-01
5.39586e+00 2.49023e+00 4.98855e-01
7.12059e+00 3.12027e+00 6.13071e-01
8.41924e+00 2.46194e+00 4.16633e-01
9.59488e+00 2.32281e+00 5.84815e-01
1.06130e+01 2.39133e+00 3.86987e-01
1.54253e+00 3.49836e+00 3.53579e-01
2.31817e+00 3.49829e+00 3.81789e-01
2.97903e+00 3.50983e+00 2.64242e-01
3.46362e+00 3.49824e+00 2.21345e-01
4.15485e+00 3.49829e+00 4.70639e-01
4.93889e+00 3.49703e+00 3.14250e-01
5.91475e+00 3.52143e+00 6.62702e-01
8.03510e+00 3.87219e+00 5.97676e-01
9.10503e+00 3.43907e+00 5.67754e-01
1.03304e+01 3.50194e+00 6.69577e-01
