# x y radius 
#  E:2.58e+06 E_potential:2.55e+06 E_contact:3.42e+04 fx:6.86e+04 fy:4.82e+04 gravity:8.42e+05
1.60363e+00 6.03635e-01 6.03635e-01
2.34122e+00 2.58253e-01 2.58253e-01
3.04626e+00 5.52143e-01 5.52143e-01
4.00797e+00 4.61769e-01 4.61769e-01
5.69491e+00 2.78850e-01 2.78850e-01
6.49081e+00 6.46116e-01 6.46116e-01
7.64044e+00 5.47003e-01 5.47003e-01
8.79060e+00 6.50227e-01 6.50227e-01
9.86757e+00 4.92203e-01 4.92203e-01
1.06475e+01 3.52548e-01 3.52548e-01
1.37069e+00 1.52526e+00 3.70692e-01
2.37489e+00 1.08778e+00 3.36067e-01
3.02621e+00 1.52183e+00 4.51417e-01
3.64061e+00 1.07993e+00 2.61533e-01
4.97295e+00 6.14021e-01 6.14021e-01
5.67495e+00 1.52341e+00 5.58484e-01
7.21916e+00 1.39317e+00 4.17618e-01
8.08028e+00 1.44095e+00 4.54344e-01
9.59825e+00 1.35995e+00 4.31268e-01
1.04606e+01 8.99092e-01 2.36554e-01
1.46160e+00 2.34042e+00 4.61597e-01
2.14825e+00 1.79014e+00 4.22356e-01
3.33886e+00 2.49698e+00 5.96407e-01
4.33309e+00 1.69885e+00 6.83199e-01
6.59922e+00 2.17799e+00 6.04092e-01
7.65784e+00 2.23093e+00 4.60262e-01
8.46326e+00 2.04917e+00 2.68553e-01
8.88253e+00 1.61945e+00 3.33414e-01
1.01462e+01 1.72855e+00 2.33345e-01
1.06505e+01 1.44030e+00 3.49511e-01
1.24165e+00 3.24641e+00 2.41655e-01
2.00000e+00 3.24641e+00 4.48279e-01
3.00000e+00 3.24641e+00 2.26186e-01
4.00000e+00 3.24641e+00 2.32063e-01
5.00000e+00 3.24641e+00 2.59227e-01
5.92992e+00 3.24641e+00 4.98855e-01
7.15542e+00 3.25504e+00 6.13071e-01
8.18433e+00 3.24639e+00 4.16633e-01
9.18529e+00 3.24641e+00 5.84815e-01
1.01569e+01 3.24641e+00 3.86987e-01
1.50000e+00 7.99797e+00 3.53579e-01
2.50000e+00 7.99797e+00 3.81789e-01
3.50000e+00 7.99797e+00 2.64242e-01
4.21343e+00 7.99797e+00 2.21345e-01
4.90543e+00 7.99797e+00 4.70639e-01
5.69033e+00 7.99797e+00 3.14250e-01
6.66728e+00 7.99797e+00 6.62702e-01
7.92766e+00 7.99797e+00 5.97676e-01
9.09309e+00 7.99797e+00 5.67754e-01
1.03304e+01 7.99797e+00 6.69577e-01
