# x y radius 
#  E:3.59e+06 E_potential:3.56e+06 E_contact:2.50e+04 fx:5.61e+04 fy:2.91e+04 gravity:8.42e+05
1.60363e+00 6.03635e-01 6.03635e-01
2.35661e+00 2.58253e-01 2.58253e-01
3.07641e+00 5.52143e-01 5.52143e-01
4.04386e+00 4.61769e-01 4.61769e-01
5.65763e+00 2.78850e-01 2.78850e-01
6.46255e+00 6.46116e-01 6.46116e-01
7.61528e+00 5.47003e-01 5.47003e-01
8.77451e+00 6.50227e-01 6.50227e-01
9.86118e+00 4.92203e-01 4.92203e-01
1.06475e+01 3.52548e-01 3.52548e-01
1.37069e+00 1.52278e+00 3.70692e-01
2.38495e+00 1.06213e+00 3.36067e-01
3.01508e+00 1.52196e+00 4.51417e-01
3.68683e+00 1.08597e+00 2.61533e-01
4.99241e+00 7.31190e-01 6.14021e-01
5.75559e+00 1.60013e+00 5.58484e-01
7.18350e+00 1.40631e+00 4.17618e-01
8.05023e+00 1.43185e+00 4.54344e-01
9.58343e+00 1.35751e+00 4.31268e-01
1.04588e+01 9.06585e-01 2.36554e-01
1.46160e+00 2.33642e+00 4.61597e-01
2.12544e+00 1.75605e+00 4.22356e-01
3.40528e+00 2.46622e+00 5.96407e-01
4.56080e+00 1.92964e+00 6.83199e-01
6.57670e+00 2.39667e+00 6.04092e-01
7.61778e+00 2.20887e+00 4.60262e-01
8.41500e+00 2.05069e+00 2.68553e-01
8.90272e+00 1.70019e+00 3.33414e-01
1.00985e+01 1.77128e+00 2.33345e-01
1.06505e+01 1.58919e+00 3.49511e-01
1.24165e+00 6.34619e+00 2.41655e-01
2.00000e+00 6.34619e+00 4.48279e-01
3.00000e+00 6.34619e+00 2.26186e-01
4.00000e+00 6.34619e+00 2.32063e-01
5.00000e+00 6.34619e+00 2.59227e-01
5.93788e+00 6.34619e+00 4.98855e-01
7.04992e+00 6.34619e+00 6.13071e-01
8.07970e+00 6.34619e+00 4.16633e-01
9.08115e+00 6.34619e+00 5.84815e-01
1.00530e+01 6.34619e+00 3.86987e-01
1.50000e+00 1.10992e+01 3.53579e-01
2.50000e+00 1.10992e+01 3.81789e-01
3.50000e+00 1.10992e+01 2.64242e-01
4.21343e+00 1.10992e+01 2.21345e-01
4.90543e+00 1.10992e+01 4.70639e-01
5.69033e+00 1.10992e+01 3.14250e-01
6.66729e+00 1.10992e+01 6.62702e-01
7.92766e+00 1.10992e+01 5.97676e-01
9.09309e+00 1.10992e+01 5.67754e-01
1.03304e+01 1.10992e+01 6.69577e-01
