# x y radius 
#  E:2.28e+06 E_potential:2.24e+06 E_contact:4.31e+04 fx:8.50e+04 fy:9.56e+04 gravity:8.42e+05
1.60363e+00 6.03635e-01 6.03635e-01
2.34498e+00 2.58253e-01 2.58253e-01
3.05363e+00 5.52143e-01 5.52143e-01
4.01225e+00 4.61769e-01 4.61769e-01
5.69553e+00 2.78850e-01 2.78850e-01
6.49266e+00 6.46116e-01 6.46116e-01
7.63854e+00 5.47003e-01 5.47003e-01
8.78981e+00 6.50227e-01 6.50227e-01
9.86547e+00 4.92203e-01 4.92203e-01
1.06475e+01 3.52548e-01 3.52548e-01
1.37069e+00 1.51405e+00 3.70692e-01
2.38140e+00 1.06095e+00 3.36067e-01
3.01106e+00 1.52521e+00 4.51417e-01
3.64502e+00 1.08039e+00 2.61533e-01
4.97106e+00 6.14021e-01 6.14021e-01
5.67727e+00 1.50421e+00 5.58484e-01
7.21601e+00 1.39699e+00 4.17618e-01
8.07880e+00 1.42116e+00 4.54344e-01
9.88909e+00 1.36743e+00 4.31268e-01
1.04584e+01 8.97409e-01 2.36554e-01
1.46160e+00 2.32177e+00 4.61597e-01
2.12012e+00 1.73738e+00 4.22356e-01
3.36120e+00 2.49095e+00 5.96407e-01
4.34503e+00 1.68796e+00 6.83199e-01
6.57485e+00 2.17075e+00 6.04092e-01
7.63030e+00 2.16889e+00 4.60262e-01
8.65434e+00 1.83386e+00 2.68553e-01
9.16325e+00 1.53003e+00 3.33414e-01
1.02817e+01 1.88353e+00 2.33345e-01
1.06505e+01 1.43625e+00 3.49511e-01
1.24165e+00 2.98456e+00 2.41655e-01
2.32928e+00 2.56629e+00 4.48279e-01
2.77836e+00 3.06755e+00 2.26186e-01
4.18038e+00 2.58442e+00 2.32063e-01
4.66972e+00 2.56689e+00 2.59227e-01
5.42299e+00 2.50888e+00 4.98855e-01
7.26707e+00 3.15650e+00 6.13071e-01
8.44801e+00 2.47370e+00 4.16633e-01
9.59570e+00 2.32475e+00 5.84815e-01
1.06130e+01 2.39095e+00 3.86987e-01
1.50000e+00 6.79805e+00 3.53579e-01
2.50000e+00 6.79805e+00 3.81789e-01
3.50000e+00 6.79805e+00 2.64242e-01
4.21343e+00 6.79805e+00 2.21345e-01
4.90543e+00 6.79805e+00 4.70639e-01
5.69033e+00 6.79805e+00 3.14250e-01
6.66728e+00 6.79805e+00 6.62702e-01
7.92766e+00 6.79805e+00 5.97676e-01
9.09309e+00 6.79805e+00 5.67754e-01
1.03304e+01 6.79805e+00 6.69577e-01
