# x y radius 
#  E:1.66e+06 E_potential:1.60e+06 E_contact:6.43e+04 fx:1.17e+05 fy:3.02e+05 gravity:8.42e+05
1.60363e+00 6.03635e-01 6.03635e-01
2.34163e+00 2.58253e-01 2.58253e-01
3.04707e+00 5.52143e-01 5.52143e-01
4.00750e+00 4.61769e-01 4.61769e-01
5.70990e+00 2.78850e-01 2.78850e-01
6.51443e+00 6.46116e-01 6.46116e-01
7.65889e+00 5.47003e-01 5.47003e-01
8.80391e+00 6.50227e-01 6.50227e-01
9.87481e+00 4.92203e-01 4.92203e-01
1.06475e+01 3.52548e-01 3.52548e-01
1.37069e+00 1.50014e+00 3.70692e-01
2.37559e+00 1.04267e+00 3.36067e-01
2.99461e+00 1.51491e+00 4.51417e-01
3.61545e+00 1.06620e+00 2.61533e-01
4.97049e+00 6.14021e-01 6.14021e-01
5.70044e+00 1.47213e+00 5.58484e-01
7.24951e+00 1.38157e+00 4.17618e-01
8.10701e+00 1.42004e+00 4.54344e-01
9.63267e+00 1.30844e+00 4.31268e-01
1.04587e+01 8.82777e-01 2.36554e-01
1.46160e+00 2.29550e+00 4.61597e-01
2.11985e+00 1.71199e+00 4.22356e-01
3.33287e+00 2.46876e+00 5.96407e-01
4.30008e+00 1.65134e+00 6.83199e-01
6.59539e+00 2.11262e+00 6.04092e-01
7.65104e+00 2.15861e+00 4.60262e-01
8.46380e+00 2.03632e+00 2.68553e-01
8.86375e+00 1.59412e+00 3.33414e-01
1.01556e+01 1.70072e+00 2.33345e-01
1.06505e+01 1.39703e+00 3.49511e-01
1.24165e+00 2.94798e+00 2.41655e-01
2.31498e+00 2.53611e+00 4.48279e-01
2.75578e+00 3.04236e+00 2.26186e-01
4.14327e+00 2.54319e+00 2.32063e-01
4.57957e+00 2.75300e+00 2.59227e-01
5.21337e+00 2.35773e+00 4.98855e-01
7.23041e+00 3.11754e+00 6.13071e-01
8.33831e+00 2.69738e+00 4.16633e-01
9.46482e+00 2.24658e+00 5.84815e-01
1.06130e+01 2.10969e+00 3.86987e-01
1.51401e+00 3.46547e+00 3.53579e-01
2.23815e+00 3.35245e+00 3.81789e-01
2.92944e+00 3.49562e+00 2.64242e-01
3.36401e+00 3.28121e+00 2.21345e-01
4.05376e+00 3.23977e+00 4.70639e-01
4.99837e+00 3.13703e+00 3.14250e-01
5.97206e+00 3.19875e+00 6.62702e-01
8.12243e+00 3.89760e+00 5.97676e-01
9.11238e+00 3.30433e+00 5.67754e-01
1.03304e+01 3.11124e+00 6.69577e-01
