# x y radius 
#  E:5.11e+06 E_potential:5.11e+06 E_contact:2.09e+03 fx:1.26e+04 fy:8.93e+03 gravity:8.42e+05
1.60363e+00 6.03635e-01 6.03635e-01
2.38276e+00 2.58253e-01 2.58253e-01
3.12782e+00 5.52143e-01 5.52143e-01
4.12796e+00 4.61769e-01 4.61769e-01
5.49505e+00 2.78850e-01 2.78850e-01
6.33529e+00 6.46116e-01 6.46116e-01
7.51675e+00 5.47003e-01 5.47003e-01
8.70222e+00 6.50227e-01 6.50227e-01
9.82471e+00 4.92203e-01 4.92203e-01
1.06475e+01 3.52548e-01 3.52548e-01
1.37069e+00 1.53803e+00 3.70692e-01
2.13030e+00 1.37068e+00 3.36067e-01
2.90283e+00 1.51249e+00 4.51417e-01
3.74917e+00 1.07297e+00 2.61533e-01
5.02611e+00 1.00676e+00 6.14021e-01
5.92206e+00 1.75600e+00 5.58484e-01
7.07637e+00 1.39591e+00 4.17618e-01
7.94574e+00 1.44085e+00 4.54344e-01
9.51910e+00 1.35080e+00 4.31268e-01
1.04295e+01 8.95744e-01 2.36554e-01
1.46160e+00 4.89821e+00 4.61597e-01
2.34555e+00 4.89821e+00 4.22356e-01
3.36431e+00 4.89821e+00 5.96407e-01
4.64391e+00 4.89821e+00 6.83199e-01
5.93121e+00 4.89821e+00 6.04092e-01
6.99556e+00 4.89821e+00 4.60262e-01
7.72440e+00 4.89821e+00 2.68553e-01
8.50000e+00 4.89821e+00 3.33414e-01
9.50000e+00 4.89821e+00 2.33345e-01
1.05000e+01 4.89821e+00 3.49511e-01
1.24165e+00 9.64674e+00 2.41655e-01
2.00000e+00 9.64674e+00 4.48279e-01
3.00000e+00 9.64674e+00 2.26186e-01
4.00000e+00 9.64674e+00 2.32063e-01
5.00000e+00 9.64674e+00 2.59227e-01
5.93788e+00 9.64674e+00 4.98855e-01
7.04992e+00 9.64674e+00 6.13071e-01
8.07970e+00 9.64674e+00 4.16633e-01
9.08115e+00 9.64674e+00 5.84815e-01
1.00530e+01 9.64674e+00 3.86987e-01
1.50000e+00 1.44006e+01 3.53579e-01
2.50000e+00 1.44006e+01 3.81789e-01
3.50000e+00 1.44006e+01 2.64242e-01
4.21343e+00 1.44006e+01 2.21345e-01
4.90544e+00 1.44006e+01 4.70639e-01
5.69034e+00 1.44006e+01 3.14250e-01
6.66729e+00 1.44006e+01 6.62702e-01
7.92767e+00 1.44006e+01 5.97676e-01
9.09310e+00 1.44006e+01 5.67754e-01
1.03304e+01 1.44006e+01 6.69577e-01
