# x y radius 
#  E:1.67e+06 E_potential:1.61e+06 E_contact:6.09e+04 fx:1.11e+05 fy:2.82e+05 gravity:8.42e+05
1.60363e+00 6.03635e-01 6.03635e-01
2.34536e+00 2.58253e-01 2.58253e-01
3.05443e+00 5.52143e-01 5.52143e-01
4.01063e+00 4.61769e-01 4.61769e-01
5.69596e+00 2.78850e-01 2.78850e-01
6.49638e+00 6.46116e-01 6.46116e-01
7.64169e+00 5.47003e-01 5.47003e-01
8.78823e+00 6.50227e-01 6.50227e-01
9.86187e+00 4.92203e-01 4.92203e-01
1.06475e+01 3.52548e-01 3.52548e-01
1.37069e+00 1.49838e+00 3.70692e-01
2.37812e+00 1.03568e+00 3.36067e-01
2.99018e+00 1.51611e+00 4.51417e-01
3.63754e+00 1.07746e+00 2.61533e-01
4.96477e+00 6.14021e-01 6.14021e-01
5.67654e+00 1.48457e+00 5.58484e-01
7.22656e+00 1.38785e+00 4.17618e-01
8.08658e+00 1.42693e+00 4.54344e-01
9.87914e+00 1.33194e+00 4.31268e-01
1.04491e+01 8.83336e-01 2.36554e-01
1.46160e+00 2.29297e+00 4.61597e-01
2.11755e+00 1.70412e+00 4.22356e-01
3.34685e+00 2.46405e+00 5.96407e-01
4.33643e+00 1.67407e+00 6.83199e-01
6.56443e+00 2.12700e+00 6.04092e-01
7.62045e+00 2.16790e+00 4.60262e-01
8.66117e+00 1.84292e+00 2.68553e-01
9.15494e+00 1.51520e+00 3.33414e-01
1.02705e+01 1.82375e+00 2.33345e-01
1.06505e+01 1.39994e+00 3.49511e-01
1.24165e+00 2.94511e+00 2.41655e-01
2.32441e+00 2.52279e+00 4.48279e-01
2.76371e+00 3.03114e+00 2.26186e-01
4.15717e+00 2.56049e+00 2.32063e-01
4.59202e+00 2.77614e+00 2.59227e-01
5.24572e+00 2.40991e+00 4.98855e-01
7.18975e+00 3.12858e+00 6.13071e-01
8.43634e+00 2.47619e+00 4.16633e-01
9.61499e+00 2.27481e+00 5.84815e-01
1.06130e+01 2.29367e+00 3.86987e-01
1.52216e+00 3.45748e+00 3.53579e-01
2.24500e+00 3.33819e+00 3.81789e-01
2.92539e+00 3.49006e+00 2.64242e-01
3.36080e+00 3.27662e+00 2.21345e-01
4.05176e+00 3.25271e+00 4.70639e-01
4.97179e+00 3.20122e+00 3.14250e-01
5.94031e+00 3.32140e+00 6.62702e-01
8.11587e+00 3.86351e+00 5.97676e-01
9.09486e+00 3.25578e+00 5.67754e-01
1.03304e+01 3.29052e+00 6.69577e-01
