# x y radius 
#  E:3.77e+06 E_potential:3.76e+06 E_contact:1.06e+04 fx:3.41e+04 fy:2.95e+04 gravity:8.42e+05
1.60363e+00 6.03635e-01 6.03635e-01
2.38001e+00 2.58253e-01 2.58253e-01
3.12254e+00 5.52143e-01 5.52143e-01
4.11485e+00 4.61769e-01 4.61769e-01
5.56087e+00 2.78850e-01 2.78850e-01
6.39180e+00 6.46116e-01 6.46116e-01
7.56164e+00 5.47003e-01 5.47003e-01
8.73703e+00 6.50227e-01 6.50227e-01
9.84218e+00 4.92203e-01 4.92203e-01
1.06475e+01 3.52548e-01 3.52548e-01
1.37069e+00 1.51822e+00 3.70692e-01
2.39791e+00 1.04425e+00 3.36067e-01
3.02093e+00 1.50806e+00 4.51417e-01
3.74119e+00 1.07610e+00 2.61533e-01
5.03290e+00 9.38127e-01 6.14021e-01
5.91044e+00 1.70514e+00 5.58484e-01
7.12709e+00 1.39763e+00 4.17618e-01
7.99717e+00 1.42900e+00 4.54344e-01
9.55015e+00 1.35547e+00 4.31268e-01
1.04434e+01 9.01132e-01 2.36554e-01
1.57540e+00 2.30511e+00 4.61597e-01
2.44295e+00 2.15152e+00 4.22356e-01
3.53251e+00 2.37983e+00 5.96407e-01
4.78814e+00 2.19289e+00 6.83199e-01
6.56316e+00 2.64517e+00 6.04092e-01
7.51488e+00 2.18093e+00 4.60262e-01
8.25359e+00 2.10174e+00 2.68553e-01
8.85538e+00 2.09842e+00 3.33414e-01
9.50000e+00 2.09842e+00 2.33345e-01
1.05000e+01 2.09842e+00 3.49511e-01
1.24165e+00 6.84615e+00 2.41655e-01
2.00000e+00 6.84615e+00 4.48279e-01
3.00000e+00 6.84615e+00 2.26186e-01
4.00000e+00 6.84615e+00 2.32063e-01
5.00000e+00 6.84615e+00 2.59227e-01
5.93788e+00 6.84615e+00 4.98855e-01
7.04992e+00 6.84615e+00 6.13071e-01
8.07970e+00 6.84615e+00 4.16633e-01
9.08115e+00 6.84615e+00 5.84815e-01
1.00530e+01 6.84615e+00 3.86987e-01
1.50000e+00 1.15994e+01 3.53579e-01
2.50000e+00 1.15994e+01 3.81789e-01
3.50000e+00 1.15994e+01 2.64242e-01
4.21343e+00 1.15994e+01 2.21345e-01
4.90543e+00 1.15994e+01 4.70639e-01
5.69033e+00 1.15994e+01 3.14250e-01
6.66729e+00 1.15994e+01 6.62702e-01
7.92766e+00 1.15994e+01 5.97676e-01
9.09309e+00 1.15994e+01 5.67754e-01
1.03304e+01 1.15994e+01 6.69577e-01
