# x y radius 
#  E:1.73e+06 E_potential:1.68e+06 E_contact:4.81e+04 fx:9.29e+04 fy:1.82e+05 gravity:8.42e+05
1.60363e+00 6.03635e-01 6.03635e-01
2.33895e+00 2.58253e-01 2.58253e-01
3.04188e+00 5.52143e-01 5.52143e-01
3.99479e+00 4.61769e-01 4.61769e-01
5.67527e+00 2.78850e-01 2.78850e-01
6.47667e+00 6.46116e-01 6.46116e-01
7.63047e+00 5.47003e-01 5.47003e-01
8.78302e+00 6.50227e-01 6.50227e-01
9.86204e+00 4.92203e-01 4.92203e-01
1.06475e+01 3.52548e-01 3.52548e-01
1.37069e+00 1.51651e+00 3.70692e-01
2.37784e+00 1.06965e+00 3.36067e-01
3.01405e+00 1.52657e+00 4.51417e-01
3.63290e+00 1.08350e+00 2.61533e-01
4.94215e+00 6.14021e-01 6.14021e-01
5.63323e+00 1.49592e+00 5.58484e-01
7.21762e+00 1.38142e+00 4.17618e-01
8.07582e+00 1.43110e+00 4.54344e-01
9.89053e+00 1.36648e+00 4.31268e-01
1.04556e+01 8.96770e-01 2.36554e-01
1.46160e+00 2.32577e+00 4.61597e-01
2.12133e+00 1.74564e+00 4.22356e-01
3.35294e+00 2.49860e+00 5.96407e-01
4.33312e+00 1.69367e+00 6.83199e-01
6.53997e+00 2.09464e+00 6.04092e-01
7.59349e+00 2.17310e+00 4.60262e-01
8.65895e+00 1.83394e+00 2.68553e-01
9.16504e+00 1.52604e+00 3.33414e-01
1.02823e+01 1.88314e+00 2.33345e-01
1.06505e+01 1.43511e+00 3.49511e-01
1.24165e+00 2.98855e+00 2.41655e-01
2.32393e+00 2.57749e+00 4.48279e-01
2.77335e+00 3.07842e+00 2.26186e-01
4.17315e+00 2.59087e+00 2.32063e-01
4.66278e+00 2.57071e+00 2.59227e-01
5.41624e+00 2.50957e+00 4.98855e-01
7.10899e+00 3.11983e+00 6.13071e-01
8.41659e+00 2.46082e+00 4.16633e-01
9.59466e+00 2.32256e+00 5.84815e-01
1.06130e+01 2.39099e+00 3.86987e-01
1.50000e+00 3.69828e+00 3.53579e-01
2.39565e+00 3.69828e+00 3.81789e-01
3.04565e+00 3.69828e+00 2.64242e-01
3.53122e+00 3.69828e+00 2.21345e-01
4.22303e+00 3.69828e+00 4.70639e-01
5.00768e+00 3.69714e+00 3.14250e-01
5.98399e+00 3.71911e+00 6.62702e-01
7.97456e+00 3.93041e+00 5.97676e-01
9.10241e+00 3.67631e+00 5.67754e-01
1.03304e+01 3.69908e+00 6.69577e-01
