# x y radius 
#  E:3.70e+06 E_potential:3.68e+06 E_contact:1.48e+04 fx:4.15e+04 fy:3.03e+04 gravity:8.42e+05
1.60363e+00 6.03635e-01 6.03635e-01
2.36582e+00 2.58253e-01 2.58253e-01
3.09452e+00 5.52143e-01 5.52143e-01
4.07716e+00 4.61769e-01 4.61769e-01
5.59299e+00 2.78850e-01 2.78850e-01
6.41566e+00 6.46116e-01 6.46116e-01
7.58001e+00 5.47003e-01 5.47003e-01
8.75166e+00 6.50227e-01 6.50227e-01
9.85028e+00 4.92203e-01 4.92203e-01
1.06475e+01 3.52548e-01 3.52548e-01
1.37069e+00 1.52046e+00 3.70692e-01
2.38791e+00 1.07403e+00 3.36067e-01
3.03000e+00 1.51535e+00 4.51417e-01
3.70998e+00 1.08003e+00 2.61533e-01
5.00695e+00 8.67552e-01 6.14021e-01
5.84298e+00 1.67155e+00 5.58484e-01
7.14511e+00 1.40172e+00 4.17618e-01
8.01351e+00 1.42542e+00 4.54344e-01
9.57419e+00 1.35027e+00 4.31268e-01
1.04500e+01 9.03499e-01 2.36554e-01
1.48302e+00 2.32834e+00 4.61597e-01
2.29454e+00 1.98133e+00 4.22356e-01
3.46073e+00 2.43466e+00 5.96407e-01
4.68821e+00 2.10117e+00 6.83199e-01
6.55878e+00 2.56159e+00 6.04092e-01
7.54573e+00 2.18217e+00 4.60262e-01
8.47822e+00 1.96763e+00 2.68553e-01
9.07519e+00 1.91781e+00 3.33414e-01
9.87354e+00 1.94318e+00 2.33345e-01
1.05000e+01 1.89842e+00 3.49511e-01
1.24165e+00 6.64617e+00 2.41655e-01
2.00000e+00 6.64617e+00 4.48279e-01
3.00000e+00 6.64617e+00 2.26186e-01
4.00000e+00 6.64617e+00 2.32063e-01
5.00000e+00 6.64617e+00 2.59227e-01
5.93788e+00 6.64617e+00 4.98855e-01
7.04992e+00 6.64617e+00 6.13071e-01
8.07970e+00 6.64617e+00 4.16633e-01
9.08115e+00 6.64617e+00 5.84815e-01
1.00530e+01 6.64617e+00 3.86987e-01
1.50000e+00 1.13993e+01 3.53579e-01
2.50000e+00 1.13993e+01 3.81789e-01
3.50000e+00 1.13993e+01 2.64242e-01
4.21343e+00 1.13993e+01 2.21345e-01
4.90543e+00 1.13993e+01 4.70639e-01
5.69033e+00 1.13993e+01 3.14250e-01
6.66729e+00 1.13993e+01 6.62702e-01
7.92766e+00 1.13993e+01 5.97676e-01
9.09309e+00 1.13993e+01 5.67754e-01
1.03304e+01 1.13993e+01 6.69577e-01
