# x y radius 
#  E:3.48e+06 E_potential:3.44e+06 E_contact:3.39e+04 fx:6.81e+04 fy:3.41e+04 gravity:8.42e+05
1.60363e+00 6.03635e-01 6.03635e-01
2.34411e+00 2.58253e-01 2.58253e-01
3.05195e+00 5.52143e-01 5.52143e-01
4.01357e+00 4.61769e-01 4.61769e-01
5.69811e+00 2.78850e-01 2.78850e-01
6.49298e+00 6.46116e-01 6.46116e-01
7.64147e+00 5.47003e-01 5.47003e-01
8.79108e+00 6.50227e-01 6.50227e-01
9.86781e+00 4.92203e-01 4.92203e-01
1.06475e+01 3.52548e-01 3.52548e-01
1.37069e+00 1.52702e+00 3.70692e-01
2.37828e+00 1.07873e+00 3.36067e-01
3.02277e+00 1.52243e+00 4.51417e-01
3.64814e+00 1.08102e+00 2.61533e-01
4.97818e+00 6.14021e-01 6.14021e-01
5.68140e+00 1.52538e+00 5.58484e-01
7.21857e+00 1.39527e+00 4.17618e-01
8.08009e+00 1.44084e+00 4.54344e-01
9.59853e+00 1.35999e+00 4.31268e-01
1.04608e+01 8.99103e-01 2.36554e-01
1.46160e+00 2.34386e+00 4.61597e-01
2.12659e+00 1.76953e+00 4.22356e-01
3.34186e+00 2.49584e+00 5.96407e-01
4.34047e+00 1.70320e+00 6.83199e-01
6.60529e+00 2.18851e+00 6.04092e-01
7.66425e+00 2.23428e+00 4.60262e-01
8.46320e+00 2.04888e+00 2.68553e-01
8.88275e+00 1.61944e+00 3.33414e-01
1.01463e+01 1.72851e+00 2.33345e-01
1.06505e+01 1.44030e+00 3.49511e-01
1.24165e+00 6.04621e+00 2.41655e-01
2.00000e+00 6.04621e+00 4.48279e-01
3.00000e+00 6.04621e+00 2.26186e-01
4.00000e+00 6.04621e+00 2.32063e-01
5.00000e+00 6.04621e+00 2.59227e-01
5.93788e+00 6.04621e+00 4.98855e-01
7.04992e+00 6.04621e+00 6.13071e-01
8.07970e+00 6.04621e+00 4.16633e-01
9.08115e+00 6.04621e+00 5.84815e-01
1.00530e+01 6.04621e+00 3.86987e-01
1.50000e+00 1.07991e+01 3.53579e-01
2.50000e+00 1.07991e+01 3.81789e-01
3.50000e+00 1.07991e+01 2.64242e-01
4.21343e+00 1.07991e+01 2.21345e-01
4.90543e+00 1.07991e+01 4.70639e-01
5.69033e+00 1.07991e+01 3.14250e-01
6.66729e+00 1.07991e+01 6.62702e-01
7.92766e+00 1.07991e+01 5.97676e-01
9.09309e+00 1.07991e+01 5.67754e-01
1.03304e+01 1.07991e+01 6.69577e-01
